180 179 31 31
130 112
123 135
25 37
48 119
101 86
172 107
97 59
23 131
41 169
155 60
15 76
161 62
42 35
62 80
91 68
155 91
20 180
43 26
87 152
64 110
61 176
68 139
71 68
19 170
111 106
73 164
122 144
90 125
141 115
52 22
131 168
74 116
73 135
120 16
108 2
128 101
154 145
159 125
35 111
158 26
88 43
166 120
157 118
9 6
177 169
175 38
12 105
18 112
149 63
117 149
12 65
9 43
15 170
7 118
25 29
115 76
113 133
98 11
147 150
47 53
160 23
1 138
158 109
142 38
12 179
102 103
94 75
78 152
145 75
81 21
161 59
79 154
92 140
115 166
155 157
176 30
159 40
100 133
8 97
176 96
80 2
52 36
134 108
39 50
25 171
7 102
129 90
136 56
162 174
39 87
66 99
164 65
120 10
142 159
95 11
153 163
19 31
136 142
84 151
151 153
58 23
149 84
111 34
8 11
141 124
156 9
72 124
73 132
3 157
4 58
47 19
51 109
107 145
35 180
7 92
163 24
69 28
78 26
108 77
79 17
143 88
89 160
154 32
110 60
14 1
32 54
110 5
24 42
133 96
3 8
65 169
87 13
150 122
33 125
84 81
167 33
127 99
42 29
38 148
28 174
31 97
33 104
45 62
90 165
136 85
55 58
27 132
146 39
70 74
45 96
178 28
46 57
141 82
1 29
124 114
78 53
168 15
112 91
75 57
47 172
132 44
13 173
48 121
101 121
57 83
137 94
107 144
49 162
93 74
60 99
174 131
45 121
32 126
164 40
166 52
93 80
79 67
163 170
161 40
41 106 177 147 123 4 55 83 175 114 148 67 69 17 22 72 146 143 98 70 113 86 100 63 130 71 134 138 34 127 5 
105 179 49 27 44 56 126 54 178 129 104 173 36 50 119 116 95 156 30 140 61 51 103 64 21 18 139 77 171 66 14 
