6244 6243 1294 1165
1512 3204
1037 4214
1452 5649
2458 4918
5082 2629
218 6240
4345 1068
2819 4723
5691 203
5824 5381
3565 2445
5155 3104
4500 308
478 1527
5702 6190
5751 1260
5697 5972
2483 2108
1281 2109
1215 3763
2797 5636
2012 6063
3861 1972
5784 2720
2973 1165
6122 5318
3276 5070
5260 595
5862 5031
3618 4055
1899 3078
4088 5642
536 2333
4521 4294
5407 1269
968 2796
946 1584
3787 5704
3656 453
2910 5192
5360 2757
4312 4153
4251 5028
4646 1444
386 1846
296 6042
2064 5593
1572 971
3488 3572
6137 2557
3921 1588
5572 3604
3057 1616
1598 4111
6038 2908
3796 3556
5772 3772
2336 1772
3835 112
2167 3201
920 5799
3872 1246
3499 1671
2294 3659
2845 2286
1546 2189
184 5356
303 2145
3015 121
2619 3143
1514 4243
3022 2209
6062 1195
730 819
4061 1504
2121 4992
1329 5065
5963 1713
1446 399
2105 1490
3000 2574
3353 3484
5792 553
53 4724
3273 4897
1788 494
3576 5029
5233 5621
2599 5791
2374 3837
5321 5237
655 2333
4904 2736
4939 1599
6055 4736
5916 1428
1901 3374
5207 5766
5079 41
3087 720
2271 450
2800 5336
5142 2194
252 1079
4360 3613
2282 5387
1933 3464
3653 1373
5749 3498
2931 644
4624 4252
1936 87
2971 1596
2407 4191
1029 5775
4335 2698
1218 54
292 4444
3806 4644
5498 2280
5384 3403
5638 4224
4676 1364
6117 2992
4937 3031
4443 635
638 1501
3063 5993
1033 205
6125 4199
4283 1926
4638 4626
793 5270
4366 247
401 2020
5454 2959
1045 281
3510 5257
3540 2137
1786 3865
3094 5077
2531 1190
4397 5044
2604 4131
610 4644
226 5247
3122 3499
1972 3130
2182 309
2696 2456
5379 2754
4438 5139
2387 807
3095 2729
1539 1051
3858 3848
5816 2936
2064 4219
269 2187
2704 1338
2697 3652
3544 1783
1291 4914
1824 1481
6228 1726
3650 4766
132 5943
4665 487
1493 74
163 2093
4290 1323
1550 524
3 1185
5414 4229
4516 2054
3543 6083
2965 1049
5013 2885
5100 3586
372 4176
4206 2459
3475 63
3916 5374
4573 1524
1650 2483
671 2742
5643 224
2741 5353
6085 733
2692 3564
3073 5917
5943 4683
6200 2793
5358 6203
3794 1272
5796 775
4839 1353
4234 2947
1403 3658
3744 643
2179 3037
1563 1771
1672 2248
5399 3143
1373 2352
5903 3581
1957 1466
3264 2855
2092 388
5851 2809
3249 5014
4687 2262
2577 5518
2809 2920
3146 4239
3525 5007
15 3301
3556 4173
233 1925
3269 3347
2627 100
2916 2652
4615 2129
2985 1279
3608 4811
4779 294
4176 5931
4956 957
3476 826
3207 873
1604 1773
82 562
1145 1555
4192 4087
6228 2266
5907 4073
208 1084
420 3891
540 1916
962 1084
2286 2448
3307 3198
4908 1908
2006 206
653 6122
1918 200
3538 606
3471 4731
721 463
6058 3941
2966 237
1095 4102
5695 3467
4026 4495
5100 1369
117 2372
2028 386
5165 5723
5302 990
4543 280
4651 625
3833 3044
1563 5436
692 4233
2817 3488
6223 1948
6226 683
5618 1017
3967 1706
4791 4315
2325 1348
3308 3066
5412 5712
71 1665
1500 2958
176 3677
5546 642
1121 5296
4891 417
4421 2122
4600 1438
6099 6017
1990 3862
323 869
3615 4988
79 1974
2247 4170
4335 841
4539 1488
5758 3260
6237 4384
2662 4215
1147 984
5922 6202
3835 144
990 2080
2839 1216
1861 5256
836 1382
902 2502
4633 5561
3966 4842
1914 5770
2491 2093
186 1338
1369 2222
4140 3153
2600 5148
3640 4457
5960 5154
3136 5432
4244 1825
1179 1998
3427 1075
5850 5077
2147 5841
4918 5869
4130 5963
4550 2070
1881 1252
1398 1842
1479 3191
3644 3308
3107 1686
12 4949
5565 2305
581 3642
6244 4655
1213 5268
4602 1738
2203 762
3041 2200
3356 4166
5671 4514
4903 1863
1132 3303
3888 2119
2627 1198
2532 827
1742 5831
4221 2292
1612 2376
3610 4917
3028 1407
4076 5760
4241 5035
5758 3473
1110 201
892 337
1528 123
1071 3041
4874 2945
855 2653
6213 686
688 6169
892 2406
5506 4676
3945 5016
1039 1076
3605 1909
5427 832
4697 3484
4362 5861
6068 1480
6023 1290
158 4619
664 1969
6069 608
452 879
414 879
5200 5069
5328 4005
1886 3001
460 2832
1778 4893
4023 5330
2264 5172
2720 3579
3523 6040
5836 1314
2842 3693
812 1025
1330 1900
4352 1917
4345 1716
4717 427
1674 4291
2840 3789
3857 5956
4404 4397
1697 1802
5495 568
704 951
2059 712
2125 1425
4881 4625
510 4344
4165 5699
2553 5912
3808 4639
2788 733
759 4361
961 4888
3407 1640
5009 2743
1228 5723
2006 3155
5789 1033
4814 772
5621 6037
4580 650
645 6071
2879 4644
1469 37
5136 4423
3547 4030
3429 725
1558 1123
4763 2364
1432 1263
5831 5654
5520 572
5693 3023
2635 5845
4364 2065
3245 5829
5706 6218
659 5169
6231 4797
3954 5456
6175 4050
3951 266
1004 1229
2393 1864
1975 131
2303 6123
4563 1158
4465 485
1562 5680
4742 2340
3974 3064
5655 2966
3318 2080
1409 1277
1151 3194
2651 1942
1464 3511
3407 5982
3043 700
3632 5471
3387 2186
166 2779
1795 2670
1762 4383
1955 3271
5590 1966
21 3259
994 5241
3919 3180
1034 1721
5314 4301
919 2450
2759 5673
4811 5796
4114 4721
6161 282
2049 6120
817 91
3572 6050
4079 620
2496 1808
246 3077
3645 6076
531 5846
525 3405
2255 4893
1489 3137
3141 1885
4053 6186
3713 5187
2630 5042
2085 3425
241 508
6172 4386
718 5534
3413 2188
2180 137
4155 2926
6094 3019
1465 1771
4596 1342
3478 1543
5700 2269
4396 4275
4763 2371
1359 4126
3370 1962
4427 2289
5339 3388
4532 6127
1260 135
2354 5523
4819 2944
4206 4847
3566 566
1943 6026
2820 3439
4392 1965
4111 4597
3247 909
4695 1692
738 539
4583 2001
5886 5657
3965 1271
6177 667
3424 5166
1329 5163
3674 662
6174 1349
3406 5660
477 4180
4398 1953
3354 4003
4623 3386
5388 3943
577 4013
864 5463
1203 3558
2068 2682
3406 4592
5833 16
113 5679
2850 1982
5480 5619
2249 3023
2997 5951
3276 5557
61 3632
3098 5154
1798 6009
6206 2439
3047 6192
3164 3533
2772 1522
702 1884
2457 4808
154 5534
2925 4082
152 481
1646 2300
2165 3596
5220 1874
4108 3671
1971 5716
4528 4158
450 2636
1702 5524
65 6072
4188 3298
3910 3741
2329 2254
1708 6065
2026 1897
2367 844
1907 1263
3606 3
1076 1825
1016 5627
1497 5614
1520 4510
5998 4668
4750 4581
4051 1282
2348 5103
5430 5322
3343 3745
1802 5023
3145 4439
906 5596
3570 2643
5255 2849
4877 3555
4794 5652
68 1088
4700 383
3352 5708
312 675
1510 5083
298 3945
5125 4392
523 4592
3949 38
468 5596
2435 4000
6135 529
4590 1499
770 5512
6163 2589
3233 32
2752 2496
1219 3416
2613 5816
4301 2282
437 5982
2037 3781
577 4746
928 1687
5489 1041
2076 2881
3934 4003
5640 3244
3035 4393
1719 2016
681 3030
4786 3388
5710 4717
3995 2413
3785 5541
2025 5929
462 20
4351 5254
974 3415
1293 4326
4415 2055
1921 2053
1475 841
1930 3004
7 3027
6169 3532
4446 1705
2530 5315
5442 2899
4443 1561
2823 2291
5316 913
3819 1575
4273 1161
1860 803
758 605
5891 1826
2132 294
3771 4533
2467 5343
4130 1436
824 6053
5803 3552
3818 137
3796 1131
3686 5494
5369 441
5678 5957
1552 4667
1900 5675
3604 4436
1656 1908
390 2849
3868 5289
2552 3382
2669 1973
4525 829
245 5736
3588 3170
5047 1609
5287 4134
2118 1743
1244 4380
3852 2403
2575 2579
665 1385
2506 4172
2102 2892
4965 4578
3548 1415
1119 1453
3093 2877
1281 2146
244 535
5040 1526
3393 3873
5481 633
708 4186
2852 2679
2664 5179
5924 3855
674 5829
2756 2560
5260 1067
4150 5708
4355 4549
4385 1456
3255 2436
2120 5890
279 2836
3664 3005
2593 3804
5553 4826
3137 4131
2250 1033
3249 594
2184 1881
2861 5670
5188 3209
3411 3948
2330 1920
3009 2192
1181 2448
5338 2689
2041 3376
5929 4429
6134 276
6223 3212
1339 5805
231 5164
2399 3990
4773 5403
4660 3737
3229 1416
5286 4223
5222 3952
6163 3602
1148 1814
1029 3545
404 1841
2598 2119
965 2139
974 1788
1302 611
2681 5503
2091 184
4218 5348
1690 5628
3059 400
5860 5689
2943 4921
472 3079
2081 1998
16 1924
377 4373
4647 4546
3967 2437
2013 4386
2608 1323
88 1421
719 5417
5058 6160
3541 1540
2215 5978
5077 6113
2782 3567
2114 3760
376 5594
2504 2006
3449 4025
5038 2735
334 2935
4776 3848
3174 391
2542 1170
3662 1677
1078 4395
434 2221
3571 1695
3977 5319
2051 2485
454 5413
254 5938
1266 909
508 4432
3699 606
2774 1853
3783 348
3486 254
2252 4714
3094 3943
1591 934
5713 882
3778 3798
3490 5659
3271 2035
1913 2431
5595 1483
5990 3261
3557 348
1026 4415
3120 2124
2318 4181
4628 2115
2275 4135
5898 4435
5504 2451
993 4357
1749 3548
5509 538
5516 3336
1698 1807
2124 5177
2388 2132
2593 4573
1946 4929
2463 2758
3942 821
481 2202
3013 2230
6129 478
4067 365
1510 4369
2066 279
3049 339
5762 1866
2739 4436
2573 6239
2118 3263
4014 942
291 5701
3536 4311
1014 461
5082 3098
3279 6081
839 4853
1880 4598
2111 2748
3890 4814
5511 6189
1849 1057
6090 2691
1209 2523
3817 3727
5350 4242
1903 324
4984 3254
548 5625
4570 4417
1453 2038
5394 4735
5292 122
2249 1286
4571 259
4744 89
907 1363
5455 5707
5197 3034
4818 6227
6180 4242
4610 961
6094 1121
4992 6207
4881 3086
1765 5993
1235 4801
388 4598
2531 3976
6164 3800
3346 4365
5563 871
1954 3871
5601 3757
803 5995
3036 3507
1683 983
775 3978
1953 615
1638 5449
2592 6158
5429 1752
580 2397
3887 773
2695 1571
5601 6071
5994 1737
2717 3320
1237 2554
873 1784
3115 5185
2705 360
765 6095
3506 2622
6197 1796
4898 880
3160 4423
3090 3300
2481 4672
4694 5715
229 3850
767 6066
5791 1866
1058 5694
4596 1451
523 5351
3784 798
4279 1014
656 389
1028 6173
843 6143
882 4507
5466 3635
980 6062
62 3266
3028 918
2179 1278
305 4612
840 1899
812 4100
2331 1011
1058 4148
2228 4066
269 4183
5739 5817
3417 4339
286 844
2798 803
1469 912
5695 719
4627 755
5492 1232
108 4832
2849 2771
312 76
2222 5800
3709 5534
2474 6182
4451 4211
4520 2258
411 6006
612 5864
5144 6187
5053 1504
1873 721
1042 4533
244 2739
161 265
34 3164
1889 6202
963 1201
3161 1177
303 1496
861 6202
4916 1365
491 1040
2176 3433
4724 2818
3685 3481
896 496
1303 1160
5561 4858
3136 6077
1632 3616
2085 95
2683 502
1996 4591
1385 5847
3334 5629
1885 1592
1339 1731
6238 5903
871 3471
2230 2723
314 80
810 5076
126 517
1626 734
5304 5547
3354 3766
4258 4038
1322 726
5738 4426
3085 2699
2401 4476
1912 2305
1790 2646
2270 768
2832 3738
4649 4591
3168 2381
1710 4296
4113 677
5691 6100
1346 4546
4837 5585
5335 551
5738 5126
3802 5271
1425 921
573 611
5851 238
2264 2937
136 782
2647 2720
3751 3076
1331 2127
3550 2136
485 769
4181 3763
3456 1862
5928 2175
5873 4316
1274 1573
5243 938
3517 5187
2248 1437
2114 2957
4613 1145
5602 4929
3521 5984
5388 5798
780 3033
3221 816
4955 2115
5920 2525
5952 24
4832 4110
4952 2968
1116 5536
3058 2882
3790 6214
4164 3086
2827 4878
2602 1261
4555 1932
4228 2441
4412 118
5970 482
995 3851
6097 4843
3310 4203
3029 5668
2084 3655
5339 6076
5947 6028
4521 3226
5629 3574
5330 1759
4580 3002
4314 397
3422 5992
2536 675
1699 3367
1795 2617
6137 3576
2563 6205
5344 5846
5825 1357
1191 1004
1331 3539
138 4803
4754 5666
3477 1439
1237 2657
1196 4261
4466 427
2142 2262
1403 1729
3403 2001
4341 3554
4636 4318
5410 1812
624 5525
6151 2634
4781 1660
1810 1348
2930 2816
5807 4632
5792 3550
5013 5677
2298 501
1002 4714
1560 368
251 3480
3192 3713
1547 4887
3831 4423
1300 874
4158 2122
5781 3507
4067 1680
6104 3181
4322 1622
5780 1623
5477 2187
3703 3464
1492 5651
4954 2822
75 4201
3284 5521
1723 2677
2716 1294
5730 4050
5263 1709
6158 561
720 4123
2603 4495
3729 1611
351 5834
3938 1543
4571 5915
1719 5641
3689 878
4220 2338
1882 5835
5767 969
4645 6089
100 5484
1876 6143
2691 5208
5413 3539
1599 858
939 1468
1789 3612
4077 1677
3829 4345
3337 3452
109 901
170 4592
2102 4826
1921 3652
4188 4306
1754 1112
5275 3142
927 1146
15 1798
2030 831
541 4314
4967 4920
2155 5251
3510 2565
2073 5620
4766 1888
3700 4496
5907 1888
1651 4790
3668 4881
3436 2456
4408 4722
1007 4688
1757 3592
220 4159
5249 5239
364 3573
113 274
4799 2082
3986 2658
5743 3100
4846 1056
4951 5797
5680 3657
4605 5184
1895 3806
1118 1489
1671 5332
4133 4218
4879 2236
1637 1270
827 4512
1922 6012
4371 1089
5093 1668
5585 5815
5189 5046
2085 3924
4775 1647
3793 2291
4448 2812
1102 3917
1148 3298
1781 3361
3355 2716
2216 5550
263 4741
4002 3782
5871 2186
2151 2196
2939 5371
4039 4817
1709 2522
1097 2285
5342 4805
3297 2337
3400 3957
6171 4024
2938 1488
5072 5089
3106 4365
4884 6135
947 662
672 5648
2865 1070
4451 3129
1050 3812
5968 1803
1429 1420
2686 1588
5724 678
5292 3909
4285 2666
4386 4106
2420 3904
2452 1443
4387 3394
1137 3881
116 4434
3893 564
4624 458
3071 3460
1926 3201
4066 4885
1025 3265
4686 3878
5300 493
3711 4748
4717 4193
951 4833
800 1115
4494 4825
4867 1613
2052 825
2073 5515
3630 3865
4223 3497
6085 3495
4381 4792
3998 131
4169 1550
408 2278
854 225
5919 3836
1863 3240
592 5878
5697 1935
4299 5982
4537 1803
1254 4168
4198 5298
3485 4479
5468 1446
2770 4981
795 4350
2011 2102
2816 1059
1362 6021
2634 1034
801 5274
5630 53
6072 3994
626 2208
4667 876
1128 5345
3830 1635
2570 522
3412 2894
1851 3200
2543 5273
895 2526
1559 2106
99 2541
1410 2983
5487 1760
4595 3305
2218 2918
2818 4193
1303 3032
4888 952
2113 4280
4736 5346
4531 3853
4531 786
463 2947
1506 1715
416 1142
5011 4735
1221 3328
4156 2672
1337 1199
2850 1784
581 2655
4624 5308
177 806
5462 6126
3706 956
2755 3396
6069 2697
175 2754
76 4260
940 4254
5793 5941
5186 506
4841 5880
2978 3115
2727 3404
5718 2990
3222 4685
3029 6121
3589 3718
4207 3006
1679 4547
745 2948
1628 1661
4913 3192
2500 5600
2091 931
3062 2530
2275 3354
2207 4645
2227 3842
4863 4247
5584 2233
1878 1947
4180 3788
3228 1816
3923 2041
484 5270
2149 708
221 2307
3397 4120
4623 1225
1674 2630
3427 3519
4140 3667
5853 4446
1086 6064
2807 4468
6156 1236
325 3824
502 2428
5125 519
3423 4845
480 398
5609 4748
5055 5458
5371 3766
2500 5497
4782 1011
1010 891
3622 4826
256 2407
2549 4756
5896 6187
5118 1611
2059 2449
2694 3079
1355 4586
4516 1997
137 3549
5372 6056
1847 214
266 724
2788 4611
5283 2860
2328 4901
1435 3108
1208 5810
4934 1273
3779 2739
4845 4006
1337 3582
5073 4719
3183 866
2907 6022
4088 2592
231 2170
6216 2884
5723 3412
3756 3287
4824 2679
607 1259
5396 2289
2764 4559
2932 5540
213 5566
1553 4323
1129 3438
1314 3274
4437 5999
1660 175
776 2640
514 915
2098 4163
289 1610
3819 2083
1809 375
736 4845
5303 5595
3676 416
1560 2895
4751 4886
2255 2667
3628 5402
3907 545
5925 5441
2290 664
5213 5244
4882 2265
1741 2889
4739 5258
825 2220
3232 436
4604 6216
5252 495
3169 4326
1577 3674
6222 3442
6144 1139
2184 1651
3038 4979
6081 366
4632 2561
1328 915
2650 1350
1357 401
3818 1010
346 1922
975 4660
4106 474
239 3564
527 464
2144 86
5728 1937
3125 3277
2070 3300
1800 670
4960 3068
352 5940
6059 2409
210 1071
5974 4545
1504 5612
2962 666
4892 1010
2095 2417
3859 3134
643 3221
2173 5226
2044 1072
6036 848
5062 1081
3324 5278
2473 1307
1538 2135
1201 2902
4634 2067
5433 4557
1917 3513
933 3470
1960 4978
1190 4115
3447 550
4557 6092
4690 3935
3113 5425
6029 5574
1397 4879
5398 6003
5127 5501
4258 4879
4600 3345
2457 5198
1081 1341
3843 2442
3436 1938
5084 5912
1246 4773
310 5800
1270 2737
324 2810
926 4420
4972 2198
1686 1306
1584 3544
1602 552
5858 4569
4488 2342
4267 4363
6024 5428
5811 3314
3946 3570
3078 956
1100 5006
247 3769
586 6197
4463 1436
1626 4683
592 2700
5763 2924
3524 3613
3335 5083
172 3601
5637 5288
6070 5760
2259 2216
4139 17
2869 4500
2548 4548
3870 5717
2931 4636
3389 5780
933 5156
122 4555
1686 5918
5735 2115
6189 3518
2414 2621
1224 887
1184 5870
6087 2039
5092 5823
2040 4952
2514 2040
3169 6200
2272 775
3266 1169
4382 228
247 1206
231 1904
868 3447
3902 4518
1473 3747
643 2077
4641 2998
2094 4122
2755 4896
1206 2707
945 903
593 4874
621 1167
789 4103
2780 243
5266 5071
1122 2189
5873 561
1240 3655
2339 1318
5234 2393
3041 5181
4350 3585
3716 1533
1075 585
3798 307
3700 3208
43 612
1319 4699
2283 198
3695 3391
3679 6015
5001 1687
1451 1435
2456 3687
3976 4940
5977 4073
2219 1812
3006 5426
5934 4195
128 3067
4317 2395
4722 5861
3294 196
281 3885
5428 5180
2348 1156
4869 3605
1250 267
554 2575
2703 6004
1509 5112
2964 4893
1304 325
4360 1439
1961 3427
2433 3904
4003 101
2659 5260
682 344
2213 3948
1319 1350
5463 988
1717 640
347 4616
1437 4327
2602 4284
1423 2128
2417 2403
5400 5746
634 3331
4818 5983
4917 1643
5741 4015
1915 2614
2794 467
6215 2551
3831 2584
4719 1032
1361 832
5335 4872
4095 5816
1363 5128
345 5932
519 888
462 2828
4296 3327
90 4337
1234 1614
5135 691
6159 4260
2552 5295
5129 2067
656 3969
302 444
6221 1962
4977 4208
4216 3669
472 5441
5473 5209
5882 5610
2429 5127
695 3438
415 1957
871 5238
5680 4039
362 4930
2625 1644
2997 5868
122 305
3287 5392
443 2099
109 5034
5469 1583
3426 2459
5046 4998
3734 2477
2644 5151
1744 3866
1463 187
4071 4861
1750 1001
475 1326
2281 5639
29 5157
2088 4330
2986 5694
2444 1753
5423 3109
2003 924
3676 1234
2583 1284
3880 6178
3370 2721
359 2612
3843 5839
3690 1940
4490 6155
3616 999
1993 5099
1112 3943
4231 126
5132 5861
5488 4151
5197 5140
407 6032
1454 1594
6141 6192
26 4756
5706 3178
2355 253
3825 1672
1717 5137
1937 2856
48 4680
2600 197
4118 968
5322 3277
860 384
5744 3856
2640 2167
6030 4370
6206 4746
3076 5758
2913 3245
2047 3816
5029 5447
4430 5611
1731 3811
4241 6232
171 576
4822 64
5484 6226
962 4615
4568 1167
5199 5994
3154 6131
2326 1704
134 136
1179 3905
473 5688
2138 696
5805 5705
696 5931
5754 1135
260 2186
3436 5741
2959 3977
1149 5243
420 5666
2820 1718
1383 147
4778 4367
3832 3174
4677 38
1721 2172
941 4113
5172 5503
1417 3996
6228 5631
2140 1420
5169 3062
2242 2284
5310 4125
402 3869
5633 6069
1264 172
535 2325
4453 56
3250 3165
2119 5719
6133 2401
4609 3792
652 4801
1648 6095
2821 5825
4084 499
1548 5094
3548 2439
3632 4132
3399 193
1977 5786
4551 4258
1654 4713
5483 2957
1782 1804
1515 3503
1495 1324
5348 246
5446 2807
4433 2241
1624 2954
4159 3420
880 1576
3475 3295
5866 2458
5795 885
4286 3169
3979 5979
3933 1495
5794 5627
3612 1746
1187 638
2136 5613
1821 3602
4304 594
6133 3736
4462 4866
4923 2748
3826 2531
3194 1129
4684 3891
3180 52
3043 1335
4545 307
2596 4561
3385 211
895 4212
5474 4059
1693 1078
6117 2515
4177 5551
2496 4721
1780 3256
2652 732
1844 3179
563 4304
466 3103
5037 5056
1377 987
567 2901
3458 2668
2421 4032
3793 5581
1697 1556
93 4676
556 2667
1984 3776
2566 2133
5835 1304
2176 5427
4907 1253
4013 1165
2611 959
948 3290
2202 5279
1874 3930
3076 3982
4987 1022
5654 2072
1484 3970
4774 6225
5224 4155
3978 1540
5386 2902
896 5597
4030 4305
1694 882
5669 4449
3732 636
5483 4696
5725 3793
3660 262
176 1155
3863 3272
1492 3955
3762 2663
2131 5609
1053 5138
3998 5085
3034 901
2370 1221
1574 1975
2361 1656
1601 532
1854 3699
425 5111
4370 4944
5255 966
2876 1786
1967 5588
948 3886
3075 432
4217 6074
5809 1583
3908 3358
1859 5768
5032 3879
5186 1544
4670 2826
4522 6044
2232 2124
1067 3340
4031 3559
3368 4564
486 2518
3086 3501
5362 994
4664 5157
6160 1703
959 2049
2053 2153
1349 741
2430 5567
5380 4919
1699 5130
2231 5343
423 3933
802 1876
2299 4031
2030 5382
3293 2979
187 4581
6191 1474
392 3238
5952 5287
1979 2429
5231 3805
266 256
1134 128
2039 603
748 4608
1681 4529
374 2414
920 1834
1165 4075
1249 2399
3795 235
2699 2125
1679 1032
325 77
5621 403
1113 3540
208 6127
2783 763
5433 5559
3104 481
2347 4529
3761 3441
2040 3157
2788 2633
1516 4421
1282 4042
2567 1605
4118 4185
1351 2143
2179 3131
5688 5571
4911 6152
1175 2995
2316 5518
747 2857
1222 4729
909 6227
4929 3021
2665 5230
884 2766
2074 1435
5042 4830
1424 3849
6031 4802
4326 5751
3506 2152
326 4645
1280 3438
1084 2733
4248 3920
244 1160
1020 1345
3610 3029
4011 6209
1526 1782
2394 1646
3462 519
3696 57
2695 5305
5969 2584
1619 1760
5771 3830
5266 4556
5246 1024
5555 4171
2674 1133
3010 5822
596 701
1180 1284
2299 3775
2194 4701
840 1679
3453 1320
4032 870
3574 4741
5248 791
2622 3646
2767 1497
4409 3543
3424 1533
5832 5131
1006 2529
2454 4712
6095 267
529 3448
2790 5959
2093 891
3701 525
5046 4354
1454 4400
1047 4522
1254 2847
2366 2373
4993 1192
305 5348
5876 33
2712 492
1689 6216
2413 3331
4477 559
5180 4016
5536 3007
1180 1522
935 2023
415 5940
3048 2756
2217 5227
2787 5817
170 5731
946 3459
3102 3926
509 3460
4301 2919
2731 4652
1313 2221
1185 2296
3845 5293
1472 2273
4029 6164
5885 2533
3993 3468
6194 4064
2389 2538
5837 2922
1787 310
4052 4101
4748 4449
3393 5975
2590 4293
2312 3720
292 5183
4574 4174
282 1864
1542 2956
1342 501
4556 4303
1608 4193
1422 3244
5240 2091
5226 1921
5282 1781
575 4139
43 5754
847 3045
2904 5667
2972 2566
4743 2072
4675 3349
2508 5552
3512 3452
4519 5452
338 5602
4600 1106
5539 4637
2415 1927
3997 4011
624 5626
5431 5379
4181 1008
1716 3492
5782 4987
3408 1938
3950 4252
2276 3752
5462 5817
5908 2308
4926 2611
2875 5418
3049 3975
3189 6195
5509 5755
6129 3114
1137 2813
387 1984
3754 5661
5601 4536
2650 4400
1441 505
5486 5603
1897 543
4190 4130
2735 4431
3897 1796
1248 363
978 3363
2309 235
1172 5765
202 99
4930 6010
5105 3856
3578 6170
6130 2715
1722 1632
3788 2116
3720 426
657 737
6087 3957
5303 4359
584 2225
290 2885
2366 5155
2431 4445
183 4798
5746 4049
39 5236
2324 5656
1537 2919
3560 3748
5430 5196
3619 2926
3534 375
796 5233
1665 562
5146 2722
1432 5706
2911 540
1745 2542
5533 1784
5964 1628
11 5570
4767 1333
4081 5312
439 2719
4364 437
5159 201
4595 4771
635 2744
5239 5124
2581 4697
2564 5549
2644 1180
2311 1509
3291 3771
1469 239
3016 2352
5091 4556
5915 1654
3831 1936
4974 3056
3186 6158
4726 224
2079 902
2473 5962
6016 4260
1082 2622
838 1693
3622 3467
5003 5420
2623 4934
4127 761
618 1510
5396 5182
4785 4422
2696 2308
240 5402
2948 5633
962 682
1056 2441
3853 4482
1214 2631
4311 232
4863 1649
3009 2117
3255 570
688 5446
2692 2678
3787 1305
139 1106
4098 985
5086 3511
5504 3305
3946 4053
4243 4259
813 268
36 4028
2616 4811
3122 4894
733 3600
3117 4582
4036 491
2938 1265
3149 4194
1287 2894
5761 594
2205 4279
5527 4802
2638 5997
1462 2778
162 5856
3643 949
1365 3099
5016 2986
3131 2431
2941 2843
1974 4671
4166 5473
2819 4549
5857 4749
4425 5692
4266 3385
4942 3089
878 4654
5042 2511
4374 6029
5702 4167
723 2624
5405 2823
3448 715
3325 1714
5629 5884
435 569
4516 3293
3995 5402
3594 1965
3193 3456
5819 263
4571 5206
4024 2396
311 4428
2253 4659
121 3754
4048 192
1057 3879
2146 1773
1303 1145
4597 5842
5358 3257
16 537
4398 1845
4816 754
5278 3600
5206 479
4729 2946
4323 2617
4739 2322
1247 2544
135 5727
2408 382
4728 3066
4263 4742
4956 2297
4687 3705
3196 2042
6068 5
2878 356
3083 3857
727 3465
1285 5710
5054 5034
4588 5823
6123 4733
3414 60
2763 572
2994 3948
4286 3418
22 4124
3834 4574
3380 2327
5317 5002
115 2874
6169 3243
1756 5316
5383 3998
3193 4551
3110 1130
4232 2235
5203 5717
5153 4141
4262 1273
1642 2062
3814 2512
1207 2472
4343 4928
4530 1281
4485 6190
1427 2244
3450 4052
2812 6195
631 4535
4098 752
1887 156
1043 1276
1763 5999
3430 3813
5057 5118
976 1527
1282 589
4252 2890
4072 1788
5863 3880
5326 5102
2154 5689
4755 3954
860 3199
5202 4299
2502 485
5030 1309
1251 2614
1839 2139
277 1336
4583 5895
4498 4959
2648 4873
4754 4283
1868 2475
4311 5896
5782 1730
897 4239
4299 4511
4486 841
3011 3416
4841 3267
1758 287
5713 1690
5004 1628
124 5533
2988 1595
2129 3900
5770 2546
3716 3142
5872 106
1162 5909
4037 5115
1695 2588
4989 6233
5388 4410
4120 4554
2314 1344
4082 4387
2270 1066
4407 322
5323 4028
2905 5951
863 4860
4835 2175
179 1477
5909 2704
2315 1445
1191 5433
3116 1053
5902 3222
4616 6083
2873 6042
2469 3069
5180 5720
1554 4758
3373 78
1820 1843
4797 5162
292 2017
604 4343
5841 5650
3526 482
3237 1422
1994 4148
4607 2713
187 2815
3038 4356
4129 2446
2995 3742
6049 1218
3463 5835
5617 2754
3482 4195
2713 5343
1804 3771
2663 1817
3126 1609
533 5232
2935 4995
4560 185
320 280
2143 3226
5201 2946
2342 1620
5028 4313
4538 2101
5552 790
5372 2111
5091 1406
4837 4419
849 1238
3435 5603
2206 2810
70 1201
5116 312
4515 5339
1530 4970
929 5217
5772 5573
32 2876
1343 4184
1763 5123
4497 5785
697 5365
1224 1252
1057 728
82 4162
4538 526
5464 1237
2396 5455
4070 2178
5678 510
2195 1725
2045 2426
1126 5287
568 740
6092 2350
5213 4617
5096 5674
41 382
2544 2804
1898 4920
5964 4741
3507 2506
3867 5558
1835 1898
1851 2366
483 1105
2513 1198
1440 2258
4361 1606
2939 4871
2007 2705
3143 5403
1593 5825
3133 5558
904 248
6153 648
4230 1390
1386 5977
40 1987
6064 3165
2590 6033
997 4050
3577 2606
124 3309
2769 4904
5624 4655
3806 3656
1133 2265
2192 6057
6050 367
1321 6233
1878 1048
2437 1506
625 3893
3687 788
4161 952
3649 3915
5535 419
5470 2273
2867 4533
3729 1769
4651 414
421 4458
1704 3785
4235 4848
2110 2143
3344 2309
5786 5222
458 3735
2993 4175
313 1503
2169 3768
1824 5939
646 4073
1655 3207
1389 1775
323 2812
4152 608
6148 33
6082 685
2358 1816
2841 4257
4725 4953
3118 5
1396 2758
4331 4176
1433 4618
2495 650
6234 2514
4483 806
5058 5119
2017 3744
3658 4502
761 5700
1464 5557
5087 1333
1692 2675
2315 1300
4353 3359
6204 1685
6020 1211
5122 335
5955 3170
5845 5457
1722 209
261 597
5164 849
2239 2908
2555 4182
4136 6177
1941 3851
6125 979
3361 3669
2080 1663
970 3010
4353 4965
6171 2862
414 383
1085 2985
3302 512
2500 1723
289 3397
4046 3120
93 1184
3965 4283
4679 1125
4770 1083
5670 710
4425 359
3644 1812
1448 2920
607 2626
4913 1111
5068 568
5553 5377
1174 3236
4401 4385
3406 2714
5380 720
3006 1067
1400 1172
5409 2469
5976 3597
3350 5324
472 4064
5668 3319
1157 219
2558 5578
4071 1566
22 6013
1682 1645
3088 1273
2126 4545
3024 2904
6100 4663
4391 1530
252 5820
1624 1958
2274 1764
4833 5093
546 5489
3937 4941
2134 2641
944 4240
1480 1670
4012 3640
3947 916
1182 2548
679 5151
3297 5320
5331 648
5770 2350
931 1657
5364 536
4197 6223
5811 914
1065 2839
1498 872
356 1189
646 1058
774 3453
3665 4197
6219 792
2781 5732
1013 213
793 3728
3699 2460
2280 2473
5319 829
703 2672
4559 2747
1236 2912
4962 6024
4908 3710
2940 5119
4931 3025
3644 6191
2048 4740
5707 176
5862 5302
4019 3233
4404 3335
329 855
1316 202
1021 5116
2352 5967
406 1112
88 5900
5176 4977
3183 673
2243 3407
5000 3688
1853 5352
4081 3065
3472 552
4234 398
5434 5089
753 3394
1271 652
4375 1502
446 2509
705 5113
5474 5661
1883 3365
3060 3583
2498 2572
1476 120
2009 4321
2191 322
3826 144
3870 2317
4844 4775
3767 3288
694 1095
5458 139
3908 5790
2869 5684
915 5172
3256 314
4919 5868
102 2234
5168 5217
2008 4491
4909 3855
5214 5078
2834 1230
1203 1583
5219 4416
1744 2557
591 1426
4199 1816
1945 344
2585 2105
1449 3691
6098 1991
3844 1173
5337 3385
2145 2777
6001 106
5385 1559
21 4140
5949 6051
2556 3122
3415 3326
3072 313
2224 670
5617 1783
271 4121
3944 4065
3921 5553
5900 203
4911 735
1340 5015
6047 1908
5666 1573
1269 2411
3779 6102
2701 2381
3857 1470
5931 2603
2018 4766
1838 1636
5775 2596
6014 3993
351 726
5055 6154
4502 5039
732 6240
5932 834
1865 4418
5673 4978
4430 4481
6026 1639
291 4177
5415 2729
1793 2776
1484 429
1464 2429
1268 736
5045 2503
1688 4705
5491 4784
4834 3015
1803 3736
5854 1398
5440 4448
540 1891
6098 2069
4652 2692
698 4310
1600 518
3118 2582
5174 4480
5552 387
2759 5344
6130 2896
3465 3147
5375 4382
2851 5527
1590 1776
2284 3647
668 4100
285 761
6058 1726
394 383
4256 427
5225 3707
1268 4708
3783 2776
3082 5109
3663 1985
483 338
3446 6121
4173 579
3238 5649
2426 4
4667 2899
169 2363
3201 3165
6096 3602
4070 2021
2755 1695
4983 4731
5478 4470
4498 4543
5950 5396
4553 5019
748 5653
2036 4274
3425 495
5911 6113
3016 2373
3369 2685
69 1730
3349 4340
233 3252
42 2461
3437 3945
4838 1938
4481 4762
955 4177
726 1458
258 5364
5632 389
1080 288
3173 1808
2868 786
746 5479
488 4718
3675 6039
889 4791
2573 2775
2049 2014
1167 3445
4560 547
2297 4506
5345 3577
5547 3303
5973 6143
5036 1089
4182 3553
1616 5393
5539 5902
4763 536
1262 899
145 4599
4220 2586
357 965
6196 5364
5299 4416
3338 3450
1759 1283
5218 907
1155 1484
5697 2195
5139 4788
1989 4551
957 2239
2628 5981
133 5665
3184 2165
188 5866
5807 1710
2597 6
4440 5886
70 1132
2019 1671
3115 2734
3217 4566
3572 2664
5560 710
2185 2584
2475 3931
5110 4131
2293 3701
1260 6107
1440 4775
133 109
3387 875
4097 2158
417 2260
1099 5606
2958 2206
2960 5029
760 750
1643 2146
407 1231
5879 330
4989 2151
2344 2388
3181 5607
2016 2519
3333 1708
1269 5031
6049 5488
3692 5051
2639 2474
4656 4875
5632 6236
1366 1714
590 2412
1675 2649
2493 5528
3535 4674
15 2478
5899 1210
4906 1968
4116 2746
5033 4735
2790 5237
4827 3716
4378 5930
5356 2564
3018 4584
2010 4922
4359 2921
2872 5726
3358 5207
2868 2646
3594 4508
5903 4694
717 2989
1933 1917
4076 2351
4078 1587
894 4217
237 4137
3529 5223
4882 4472
1476 1740
2147 386
3070 3745
2468 5568
3972 967
3958 3790
2321 5345
1181 3326
1275 3946
5326 3203
4558 2053
1135 354
4799 5407
1782 1930
4961 158
2434 5041
1806 3581
4189 5679
3351 2488
3191 3959
3928 2057
5555 2614
3826 4428
1317 794
66 744
3833 6002
1910 4658
4723 5090
5756 2923
3619 6043
2753 1961
1177 3936
3484 3899
3459 3540
3040 2991
1933 1519
1362 5365
1243 5787
3088 5000
1324 4868
309 5785
1174 2840
4111 5542
5765 1651
5418 3921
4675 3758
5682 5849
5493 4855
2647 5568
5058 1554
493 661
3603 1060
94 226
6176 5925
4138 4831
492 6199
1853 5004
1034 2935
1565 2307
4810 1622
2602 422
5021 5801
785 4320
1197 4055
5677 3647
4816 3816
2114 2571
146 1441
84 4517
2060 3491
2385 2982
969 2229
1979 1054
2976 5951
250 3631
3039 3955
2773 1984
313 755
4770 6232
3766 4834
1758 521
4126 1673
2851 3087
2142 5431
4287 2770
1973 5253
4688 5682
2465 5019
232 2863
3045 1223
4474 2345
5843 6031
5240 2305
3216 3127
3002 3982
4907 3065
5921 255
1377 2593
4783 1060
6230 4172
225 4868
824 2261
793 5424
3569 4806
2287 5310
3907 5261
1377 155
3479 5368
1404 38
3653 3477
4527 2323
4216 1356
2071 1608
2377 5683
5349 4943
503 883
4989 1220
4956 5491
190 5268
5431 5858
3633 3344
77 824
541 1427
3059 5090
3192 5025
4376 5797
178 4221
1411 1613
5710 5678
3592 297
3062 2526
2059 2580
4007 1665
5268 2
1712 856
4041 5443
3707 4388
4497 3187
2524 4656
4167 4047
5511 6034
3702 1599
3692 4456
5889 6183
32 1080
1977 3848
180 3132
4738 2732
359 677
154 2758
5098 5032
4180 511
2662 3461
5102 1830
4927 638
3813 229
1865 823
3724 3264
3704 3307
5569 984
42 460
5967 925
5788 3220
5635 4169
1189 4762
2752 864
3395 4163
2877 679
4117 6194
1567 6195
3514 2932
207 3132
1872 2996
1547 782
4835 1313
2760 1678
1405 5997
202 3554
3953 1829
4915 3384
24 6116
5663 3679
1089 4793
277 1374
2617 5494
215 4702
2880 1848
628 523
997 3520
5052 5512
1409 3868
1552 1104
189 4860
3236 2914
4629 5718
333 3004
904 1228
2895 846
2850 4514
2806 14
2784 407
1719 2024
6021 1179
2415 1204
3027 2130
3755 1589
2528 1813
3550 4115
2594 2272
3750 2568
1631 1578
4590 520
2341 341
5986 5997
3286 4731
5197 2933
4195 4505
4753 3197
5691 2445
6133 314
4547 2234
2605 2177
3598 4384
5847 3827
3304 3865
1363 756
5829 3023
6080 2007
1915 4662
4097 2917
2828 5460
2942 2022
2848 204
1953 2195
1962 150
1535 4229
2805 2375
5596 4974
1764 6007
3359 317
1226 5291
1595 5464
4720 1966
3441 4730
3063 1900
3431 6148
2521 3864
3619 6103
3504 1595
1785 2963
1762 3428
4112 518
1204 4794
5875 1974
3046 90
3815 5820
4823 5488
2116 5163
6070 3290
5840 422
764 2940
2952 4921
5404 807
1403 4108
2803 5100
5063 55
1568 5657
4957 2398
3197 1220
5434 5084
4643 5674
5271 5399
5549 601
1416 959
4139 3026
630 2676
2413 5642
5878 4542
295 4510
5708 181
4296 548
3654 3227
5927 5044
5101 2566
1043 2172
3796 5901
4084 2324
5277 1512
2748 2150
3007 3966
613 1890
467 5607
2864 489
4205 3583
4722 3666
552 4047
4737 5588
5120 3445
2438 3458
1395 3417
5158 4613
3978 926
1172 968
2953 5206
2807 5826
934 2078
3807 2230
4569 4178
3696 1101
3527 634
935 2262
4604 1373
592 1387
2123 5945
3530 1561
2494 3215
4079 3919
1036 4920
5625 956
6072 5361
5349 445
2471 796
5682 3248
4047 3393
4458 1432
4626 1999
5996 3330
2213 3655
3555 3748
3292 102
2235 4438
2071 1035
4143 3784
989 3103
4801 1491
4777 3152
3482 794
428 4083
763 4161
1350 5214
5932 5859
5423 5236
5821 2301
412 4584
2765 1551
1950 410
3706 1286
5274 6139
3042 2648
4816 1212
639 5099
6010 3844
5934 413
3061 4206
3121 4261
4106 4328
6150 2284
4824 3200
4618 3105
311 1122
3247 4938
854 663
5762 2055
5753 1970
1083 1267
418 2293
4927 3263
3560 925
2313 3232
5690 6057
1555 4560
1076 4066
6098 836
4718 900
3469 6212
422 4708
6112 5965
2535 5422
6124 1808
5867 371
1869 1622
209 1477
5705 2125
3815 4805
475 3020
2160 2443
6068 5163
2254 5228
4719 1676
2844 5218
1657 3119
4022 4897
750 40
1041 2158
3160 1105
3426 782
3112 1178
2791 616
1362 3510
2288 2941
3841 3223
3348 4402
5901 1441
5097 5539
3751 1194
2210 3833
3672 1952
4324 2558
4013 4904
3556 5296
3416 1386
31 5226
3135 421
963 2589
2269 6088
5463 1292
4749 5278
4562 6114
2982 1061
473 3926
3567 4104
3911 2225
1102 2272
369 992
3667 4696
4957 4121
3088 1659
2530 5591
5444 2082
2411 2901
828 5342
3929 685
4740 6080
3025 3309
4302 4715
811 2707
3780 439
2958 2847
1109 5308
6 1589
1747 2319
6171 5913
4357 1413
5143 1437
4027 2398
1617 833
5084 4338
249 1871
5001 693
2212 3653
4213 4651
1634 4215
2768 268
3541 4284
3929 1616
3238 381
5113 4671
1301 5745
315 1039
1621 1706
171 2564
4713 907
3014 2757
1545 254
2248 2460
23 1580
1688 470
5486 3131
2139 2886
3760 1513
5824 409
5882 2246
1669 3237
3153 3953
2542 1056
4221 4300
3250 5564
4997 1541
1931 3342
4263 1755
487 148
5083 491
5386 945
3651 5815
2356 1662
966 438
2834 5409
3756 2391
6191 321
5636 2087
3673 3591
4977 2645
4265 166
3290 3518
1739 5154
2253 6142
4656 1304
917 3123
25 4065
5418 2854
4951 4480
2574 5194
1414 4427
4857 1720
4237 1968
4001 3332
4673 328
405 1998
4547 14
1721 5227
2504 2160
5294 4837
1323 3717
3322 2384
2267 786
5952 5824
764 4250
4889 1014
3729 2726
2795 3570
2229 3906
4899 4682
4348 50
6204 5586
3003 4082
2252 1844
291 4505
905 3625
893 5562
3837 1310
5155 1693
5098 1898
4089 3566
5453 6129
5619 2495
3526 6145
6240 859
413 171
3660 2073
3754 3012
5314 4969
3306 2519
1122 192
3970 2213
896 164
1857 2126
4198 6087
119 262
194 5009
2970 693
3755 5827
747 3424
5571 2155
1359 639
3311 1793
5886 6128
1160 4196
3740 4143
1897 4727
3090 3012
4115 1716
3025 1334
708 2713
4284 2861
3783 1584
2550 1427
2417 4238
4433 5132
339 5704
1849 5026
2942 2562
49 746
3464 2171
4074 3452
3134 3885
47 1590
1103 2054
2089 6173
363 4523
5210 1707
4210 5740
1811 2086
5186 1790
2957 4388
5639 3211
3305 2646
1774 2732
4479 3433
883 2427
1048 4455
5213 2540
4751 3198
441 873
4157 4412
920 6217
4653 1752
2901 2518
5230 5888
5791 5510
1132 4237
4316 2535
2057 3378
1232 2490
898 3791
363 4781
144 4790
4519 3583
4286 1168
686 129
2348 5704
2498 1505
5035 3329
4629 5818
3665 5205
2141 4270
3071 2811
5055 1381
1717 3580
5722 4680
3246 2996
5644 1232
2520 3278
4669 1540
2304 6166
4905 1279
2615 2611
4503 1133
4716 2509
5323 167
2886 5507
4406 5993
3954 3614
1915 3596
3677 817
1994 3999
196 1989
5990 3788
142 3375
41 3085
5227 3646
3887 6109
3764 885
725 3185
5944 723
3051 5019
986 6111
5499 2199
3240 2271
5275 878
5530 3224
5089 1818
4900 1706
4620 2480
6025 3454
2486 6078
2047 3451
1496 2806
3072 5840
4307 3593
3683 5439
2729 3955
4750 353
2536 5147
1401 5799
4693 2897
4361 5056
5727 5833
4728 4342
5040 671
3986 2828
4249 2630
5893 3367
1064 5737
1384 3375
987 4384
3678 4190
3937 1470
466 1436
1355 5538
6113 922
3401 4673
5241 5503
2235 2740
271 4385
2075 86
2175 3081
685 6108
6018 2057
1098 3663
5847 3907
6097 2251
998 4911
5333 1406
5277 6166
6051 3390
3483 709
1786 2355
4277 5127
5607 4245
651 1063
5776 2528
6193 5935
5481 3544
4999 2535
1747 971
698 1486
1747 743
3592 131
2177 6189
4380 2949
2685 2097
3149 801
5380 5729
1672 2708
4812 5855
4666 4395
4493 99
2603 5985
3089 1295
5371 1973
583 5889
4504 5850
1519 2993
50 1574
4276 5764
2691 4888
3721 4467
4255 2313
2799 3195
4396 5902
4437 5862
3262 6026
4108 3362
1220 5033
1493 3736
852 2882
3727 6198
1150 80
2623 4742
4778 3106
2353 4395
3400 2816
2133 1267
6086 5374
1482 1905
942 2845
2329 2644
3537 648
1380 3017
5095 598
2520 784
256 4658
3753 10
1931 4060
2308 5338
717 3106
4122 3633
2294 5450
5556 2527
1272 3253
2884 4212
2234 5242
1407 4846
658 5919
2664 5078
818 4821
3230 3542
2320 810
3691 4377
5467 235
1288 2884
199 4038
3809 5005
5251 6042
3444 1001
3156 4048
4388 6040
696 2687
5060 4673
740 1833
1557 6204
3394 2680
2468 1433
6197 2394
230 1277
4092 2363
2894 1079
4625 3271
8 1522
3107 771
3739 3509
2651 2728
3908 1202
4347 2293
535 3008
2407 2980
1164 3525
977 168
5401 152
4616 430
6062 1013
569 5984
1169 2447
5814 1792
862 1248
4233 3482
2201 1720
3260 2130
4802 4522
5310 4614
2837 5167
5308 5936
2090 5464
5142 4584
5543 4641
4358 4890
5739 5247
5329 1638
1444 2246
4161 2600
5236 5948
3886 4998
3575 5722
5132 1645
2723 2543
2042 348
827 349
6031 1736
2341 3531
208 3667
4119 3244
2312 2116
1932 3056
279 271
1231 1752
2365 5376
5117 5090
3432 3604
4897 1805
5262 642
1828 5717
5547 5059
4915 4863
3291 5408
4437 4363
1512 4377
5518 4755
2402 1169
1733 1135
3283 6186
5366 3681
684 357
4877 5994
152 5370
5203 476
5215 2479
294 6165
5454 3854
1293 4988
730 2578
2631 5238
4413 5731
3561 5600
1423 3402
2673 5636
4723 2851
4726 5438
330 4024
3942 160
4460 1617
4187 3841
2484 710
2007 6120
6059 814
1526 2453
5920 3765
484 4204
3820 5877
1982 3251
3621 62
3269 645
5471 3542
2217 3499
223 5649
2825 2409
3694 5674
4820 1186
4713 4803
2840 5914
6152 6130
3010 3125
3360 2210
662 349
1711 4474
3180 945
318 5668
1674 3874
1209 2608
2824 2543
2107 6099
539 3909
2156 3132
2724 2163
2270 1277
5690 6181
2190 5118
126 2227
3773 2667
6081 3775
2810 927
4706 2206
5797 6105
1200 2847
58 3712
3511 5707
4517 3496
3909 444
4067 2239
475 5958
3401 5970
679 4659
4253 5852
3654 5008
462 3443
2983 665
4945 2694
88 3396
5200 742
2950 4765
3501 51
76 2120
5656 5840
4774 571
324 5904
2328 6137
1848 2112
3539 2327
2157 5842
5954 4947
722 5373
4253 2193
1343 4209
1870 2514
4963 1389
2963 1078
2778 1327
2454 3434
5865 5010
2042 5769
2929 1072
987 3683
1369 5535
5558 5974
807 4400
2972 2721
323 3210
4948 11
2048 2391
1368 3074
1457 5615
2948 1748
5850 283
2551 4231
3028 2295
1682 5451
3622 1689
5438 1063
941 4917
1518 1117
3606 3824
2152 2212
67 5796
1249 3209
3358 4623
1939 1729
5605 4569
689 259
2888 2198
802 6224
2468 6214
2576 4450
449 5737
411 2433
5859 2382
596 5548
6182 4918
3054 3414
5603 3584
4414 4605
4795 309
898 1983
5331 1355
1820 2892
1873 4057
5190 5727
2518 5587
4981 4032
2100 4319
3690 2516
2804 2889
1798 2932
5460 5938
2596 442
5810 2426
823 3292
5677 6230
5061 2336
749 2392
5459 5366
1414 1428
5699 2166
5507 111
232 4849
3282 1416
1400 4393
1975 5097
4278 151
2915 5430
2749 2356
205 1115
167 801
3426 2806
3182 3166
4448 4902
5987 6167
3435 336
1568 4288
1965 2918
2113 181
5309 2924
2855 771
835 1731
5925 5284
4862 2775
2690 2955
242 4754
5804 5341
5238 6019
342 4442
3135 2802
3239 1970
319 3984
4827 2723
1375 3008
1990 4796
3308 5724
4387 908
3437 4302
4910 706
6146 3939
3966 234
3253 3299
4138 2628
4336 457
3397 1194
876 5462
116 3400
2204 1886
1410 2811
5957 4756
522 2950
2111 6001
1895 3301
5161 5845
2141 2487
1060 5235
3883 5417
2380 4273
3552 6132
5037 1127
2378 630
1393 5777
1333 2632
3366 2462
2891 2000
1981 2260
1097 129
4164 4876
2476 216
2276 1205
4365 6243
916 3876
2846 3698
4346 1325
6219 530
3363 159
382 3258
4585 4620
4620 2330
2693 1830
5137 2521
1635 5872
2648 5633
805 1315
5694 4604
4594 1985
5771 2012
5848 4641
5137 1313
3743 4499
3275 3371
4678 4964
4699 614
396 3373
4068 4621
4023 3197
963 4542
2956 1661
3731 4000
5066 3398
5061 1140
4200 5985
4526 2472
4817 5265
1070 6109
3610 2790
2264 431
4253 2487
5053 443
953 1419
1258 4241
884 1367
2665 4874
2951 1461
3490 996
1954 5007
1264 117
1409 2112
953 1006
3469 5340
839 615
2404 3536
3686 5585
3351 1123
229 837
450 2751
627 5627
5152 5819
1571 4796
1231 1626
5397 1631
3750 3951
5002 5064
5261 2618
3607 5514
2341 6116
2652 3266
760 3903
5214 3977
1819 1029
3964 3148
3399 112
3878 6148
941 1210
4037 4074
2484 1083
5246 140
1148 4631
3277 5783
4224 712
333 5894
2830 5864
4940 5722
5910 3647
6083 1766
1768 1552
728 3315
4521 1932
2142 3885
4065 167
226 4411
1535 182
5546 5808
1529 4792
5416 849
2117 237
4912 3276
3810 2129
4940 4199
161 423
2761 357
2344 489
2904 3189
4972 542
2718 5605
4687 5554
1262 151
781 3264
3459 1918
883 278
3588 2880
3296 2145
2823 6027
3670 2848
5097 91
1012 6163
2898 4164
3410 4198
517 5075
6201 1563
40 5074
5923 4848
924 4688
3431 1829
1940 5786
4243 217
4202 1117
3846 3100
5765 4231
4397 5991
2936 3480
3569 1893
3043 526
2010 3638
65 1811
5191 1046
3502 2445
5423 3268
5673 1453
2716 5905
3374 1234
1837 368
4813 3221
213 4264
4657 2918
1832 94
6021 4246
5787 3534
1206 107
3389 3815
2975 2864
3708 1100
3104 1134
3150 5158
6119 2208
1274 4662
1528 2174
6123 584
518 174
5378 4477
5134 3581
1411 5699
2529 1221
1402 5731
3379 4391
5761 589
4469 1715
5915 2252
5874 5580
891 4068
4755 5580
3417 5498
5592 1404
4734 2332
5024 4774
1777 4025
6142 5130
91 6224
3218 2297
1824 975
1572 5375
3571 3701
1922 4565
216 1106
4362 5892
5271 5276
5557 4351
3959 5141
155 4173
1509 3641
3567 5693
3217 5480
1378 1004
1976 375
5080 4344
3430 3053
1241 3241
716 3520
64 6061
2517 6024
4152 4864
3816 142
3171 3975
783 2835
3372 4004
755 5844
2981 3039
1553 1204
5755 624
443 4567
3982 805
224 984
4411 4128
1329 817
4732 3364
4091 1063
1564 6066
549 401
2558 2067
1643 4599
3564 4495
1138 3765
5045 1141
2642 1428
170 4669
6102 6075
1514 4318
5497 3672
4262 4770
5347 175
4772 1125
6184 4168
2696 1022
530 463
2342 767
490 6019
3142 1557
3933 6138
2666 953
28 1319
5319 4580
6212 4791
2989 2647
4033 1417
4962 4718
4045 2559
4079 300
5978 6107
2403 2698
3555 4764
5885 3639
196 1079
2576 1505
4997 53
265 2276
4200 1188
2017 2663
4987 1571
5517 2965
845 4413
3475 1876
2113 195
349 3624
2269 2838
4896 4640
106 1077
5851 1641
4272 3690
5546 4491
3085 997
5814 3471
5744 2435
3245 3419
4159 1699
5178 4471
5244 681
489 1567
2397 5494
5446 4475
5946 155
1013 392
249 6126
120 4635
368 4086
1857 6220
3330 2369
3706 6073
622 3595
3712 3951
3587 4618
666 3918
2571 1902
4167 1326
1249 3970
3157 5747
1430 631
5086 5367
6020 1661
587 1764
3302 522
5367 4971
280 5477
429 3262
799 5940
5571 3953
724 2752
1811 5658
4393 1700
5990 3960
4261 4235
3071 579
4866 750
751 264
5509 2122
2400 2746
1652 6020
4242 1894
3094 5900
5212 2711
3033 299
1928 5622
4812 5344
958 1638
5762 3294
3927 4951
5752 3920
3920 1555
1154 5979
3972 3125
2698 5661
1343 3331
6071 215
4039 4276
432 3309
4325 4525
4798 3747
4534 4081
4734 447
4215 5696
578 5521
93 4446
3329 2638
4877 1523
3320 177
5133 2908
2839 5685
2337 3220
3877 3490
4833 875
3326 1392
1854 5654
158 2857
4220 1480
1586 2525
1291 3661
2928 4001
1732 930
1720 4622
6193 4540
116 3895
1841 4424
3847 3380
1856 1963
5815 6208
693 3139
2363 3381
5608 633
1656 557
2424 177
5634 4517
3854 4208
3321 6036
66 3673
1310 5346
3063 5604
4812 4711
4076 1358
3898 5094
2882 647
2214 4144
3693 2789
3822 2939
5597 3591
885 5338
2256 495
2302 2439
4484 2030
911 1164
3232 1828
5522 516
1272 1446
4464 1546
3338 6054
1879 3594
4078 5195
2013 5477
6097 4481
5970 4868
5428 3330
1360 2550
751 5599
4497 1658
2412 4145
3906 6177
1547 1152
3235 961
1408 1270
1275 1027
5910 1069
262 127
4266 5448
928 4442
3707 4577
3066 917
2259 4557
2608 3260
4890 4312
982 5646
3554 5733
5114 5274
4271 3905
832 3627
5063 3759
1246 5437
473 1325
4210 3633
1349 2955
3872 5812
370 1477
4629 2301
1142 3339
3439 5656
1553 4793
3847 2346
3925 785
5204 6066
973 23
1833 1779
3175 2576
5313 2998
5583 1401
3435 2002
2255 2217
5458 2860
5243 2482
5328 5908
4471 5487
6046 5437
1353 4074
5801 588
227 493
3509 123
3383 3158
1095 1447
4246 509
2458 1267
4579 513
2787 4903
579 2440
903 558
2148 2640
1357 5688
4142 1723
5998 5810
4915 1041
4281 635
4459 5342
3026 5772
2883 886
5233 1250
5289 498
1088 2226
3004 345
2595 2479
4980 250
5341 373
3611 6160
616 2043
5390 3422
942 2841
4570 5007
5189 2787
1268 1771
4996 6040
5690 3198
1468 4684
1073 3300
6187 4148
5615 800
4058 3383
1226 1421
3181 4870
6091 5149
1835 2858
1071 4693
2078 5979
2253 3824
5323 4947
3714 1793
5767 2983
66 1092
1003 2424
1978 1129
2392 512
5686 2241
3543 4146
5398 6235
1461 3404
3344 5483
5144 4322
1418 3989
4379 3784
834 3770
3144 634
5842 4298
2016 2117
5131 4803
3697 1468
5235 2685
4672 3049
2679 3551
5604 3674
408 3224
2504 5981
4973 1117
4544 5411
3786 2051
3536 5616
5347 3138
191 5417
1087 6222
3643 2478
5967 2592
774 4499
18 2946
6080 1541
580 3685
2328 4851
160 5039
3597 565
2090 5766
6244 317
3914 4579
2247 4236
5415 4740
895 4058
2785 3148
5419 5896
5492 2800
5040 670
1569 241
5144 820
1380 3231
702 4424
2762 3988
1320 4056
3195 5445
2697 548
4546 1300
4753 5764
3878 2497
4121 5783
301 1158
1536 5745
4155 3096
4935 1936
2606 5563
3578 272
5859 5145
1390 1134
1505 810
686 236
355 3700
3620 4694
5333 972
3177 1337
1226 384
1316 4867
3944 2572
3529 3439
1007 4213
637 5357
3425 2396
5303 2388
1624 2547
1539 2044
5550 4553
5837 2311
2346 1110
3579 538
2027 4267
725 2130
411 829
5643 3913
2058 2356
1236 4814
230 5897
3775 613
5921 669
5350 4662
3360 1585
1550 3609
1585 5867
5165 5460
1075 3409
3595 1956
242 2868
796 1031
3256 3889
5839 3559
2240 3853
147 6099
1684 3207
4324 1114
2591 2495
5027 1630
948 4867
60 4452
1572 2845
6157 2281
1795 4753
5041 5193
1380 2362
6073 3247
1171 818
1867 5167
3732 2776
2506 1753
1957 1988
4630 4391
23 1805
2223 2448
2257 5187
2 1322
4573 5229
6028 2
4147 5716
4590 5582
6239 2176
5012 5120
852 25
5175 2661
4605 1485
5984 6235
5838 5726
4901 3026
3140 5920
1758 6146
872 105
5793 762
3288 1730
2065 1032
4583 1074
4930 6162
4188 73
3863 3617
3881 1340
5105 582
2588 3381
480 1297
5500 2741
4882 6140
69 1794
3093 4562
740 3519
4750 1399
1873 1124
2205 1518
3329 1864
2756 4769
1285 3116
655 3365
957 2126
4319 2911
5496 2660
1144 4257
1944 10
1826 3069
2039 3190
5350 4729
5106 67
3498 2299
275 508
2494 5432
3373 1460
1215 5051
1130 3884
3508 151
351 6110
4880 1815
1815 1266
3089 5121
1391 2088
1159 436
5354 3109
2147 1039
4471 4807
378 860
939 2975
3797 760
3289 2888
2208 3193
5190 4078
1368 1601
2942 3414
5734 1928
2222 1506
1098 1660
2051 2329
2612 1347
3870 1770
2397 2809
5472 5910
4461 1307
417 457
1687 5017
4267 623
1954 2197
165 4626
2710 4670
1606 3007
2241 1101
1959 1557
2162 5122
67 809
1919 747
3695 2725
597 2001
1840 114
1983 316
2841 3855
2860 6149
4303 6229
2420 4071
3274 3552
2398 385
1023 2571
3939 3894
4660 3080
1766 5753
143 1073
4817 469
1728 5209
4607 2279
2438 5623
4542 1589
3782 6115
1402 2034
4300 3138
5532 4043
4433 1274
4960 5543
4279 5217
1015 1444
5190 4011
1166 35
5020 5605
1257 5736
5517 3597
1352 451
5316 3919
3213 4225
4564 5604
130 2399
897 4891
4463 1419
1535 1467
1725 1255
1110 582
5606 5004
3109 4950
19 2493
6029 307
2536 1667
1 1401
3259 4485
5009 2453
5933 702
5101 901
5841 5465
72 3469
9 3157
1894 2410
616 5125
5120 1934
387 1868
4226 2528
5726 3827
4524 5373
1605 1101
3227 3658
5282 4462
4751 4309
3140 70
1596 2968
3569 3715
5664 788
3458 440
5774 2694
5297 1926
3999 767
4063 4168
797 6131
3489 5814
2336 599
2105 6101
5189 3396
1137 4895
4924 1411
6039 815
3906 1177
926 3813
1131 4815
4251 3090
3209 4780
4672 4107
2258 2029
2897 846
6035 6003
4449 433
5592 100
764 3204
6118 3732
605 1799
4483 2135
1487 4224
3952 4492
546 996
4197 5946
3745 2215
3741 4125
3158 500
1370 3605
2781 2014
3940 1675
655 4458
2544 6018
5923 268
881 4439
1065 4785
5164 3676
861 3971
5700 1140
2587 2607
3962 1759
4441 5493
2670 5705
5313 2738
3348 4454
160 4070
142 65
4848 5017
3377 2792
4954 3177
123 3559
2487 5578
3249 2383
680 1993
3361 2409
3158 350
677 4110
90 5240
5341 2639
168 719
4922 730
6093 5082
1222 3963
2494 3546
2798 4276
4637 487
3735 5386
4862 6041
5158 981
1111 4552
2661 5517
5813 2721
1166 2750
2537 115
2505 4455
1508 5535
5802 1018
4715 465
924 504
5311 1454
606 2864
4637 3781
890 3022
181 661
5764 5593
3327 78
3787 2684
320 5594
79 5768
1664 4178
5754 5366
1258 3758
2786 3224
1295 4910
600 1426
1127 340
4659 3524
5336 2897
4635 2237
1662 5592
2268 1630
657 779
2927 1990
5023 3538
83 2502
3347 2482
663 2360
5874 4343
4549 1459
4628 3263
3768 5502
3843 1233
4438 1710
5657 3695
1937 2220
577 3664
2326 2359
2966 1507
4691 5676
2902 5624
2062 3779
2606 3314
2392 3392
560 1702
4597 1920
1767 4120
157 5411
4421 3206
4350 4377
5334 1682
1421 2092
1100 5050
46 567
2979 5050
6114 3901
6210 2015
5305 395
5748 1632
1379 3993
3711 5325
974 4732
5782 566
2499 1097
3942 687
3186 1868
5828 4166
3349 3317
1371 939
4138 3821
2538 2619
4399 2690
2492 230
79 6022
3841 5179
587 5357
3803 5305
4403 586
203 214
5766 5937
2859 3456
2594 2031
5988 2912
4475 4447
5469 1485
1495 2818
2620 6005
3613 5784
1486 1088
6220 2223
1239 2365
3388 1354
4141 558
6039 29
4052 4018
5017 6073
6126 2837
5962 1858
3635 2967
2324 1762
2999 2323
4778 4710
731 1185
2978 3693
4591 5272
2989 2183
42 2808
2607 1827
6193 2011
4021 614
4869 3640
3297 932
4829 5919
1186 1090
2991 5872
1825 5461
1418 4285
5736 1400
666 1386
1994 3302
3590 3338
4487 5414
1551 1627
3098 6001
5063 2837
2707 706
5505 2233
6048 4303
1289 3763
69 1823
2941 4990
2314 5711
4785 13
4442 1471
3916 3033
4192 713
62 1511
6084 4026
2881 3243
4325 5486
1537 2493
1677 1189
1883 1500
4246 339
4390 4144
4405 1473
2924 1875
2486 5763
1503 3457
85 1735
1200 4370
1288 5533
5272 4670
4841 3827
1115 3380
4055 4353
1442 5684
188 1250
4760 3134
3646 5964
4769 2590
2391 712
538 1727
4575 2521
4658 3637
1930 4469
2570 4593
5809 4747
1293 6205
5281 3952
5819 4975
569 4297
4451 4543
3222 4789
3027 5576
52 1291
2607 2014
3528 4529
4773 5949
3316 545
2507 3654
5744 1447
1532 3147
1528 3234
2881 1920
4559 2998
4212 276
2103 5368
627 5407
3688 1158
6022 1108
3571 5255
1241 2814
369 2510
2368 3054
174 2741
425 5883
1200 3413
1458 1964
4501 1317
4698 3937
2326 4661
1331 5306
1734 5507
4777 3494
5949 3350
1877 4344
5788 451
2386 3852
210 2484
4129 2662
609 2374
541 1766
2833 1279
4472 4203
6006 1569
3596 826
3768 3836
923 566
1783 2259
3932 5293
3702 5349
5490 3371
3500 1139
1372 1753
5763 1532
5559 5522
2376 5575
933 267
850 4257
4680 3163
543 3902
1315 5530
2340 5067
4964 1727
852 3159
5415 5497
344 534
4891 2940
5865 5281
1531 2581
5961 1406
139 1190
6085 4394
3016 1883
2910 3664
2794 1017
110 2620
4372 4097
2870 4324
5978 1210
5363 1841
1208 2972
3120 3164
5635 3725
1325 5150
4208 3649
587 2623
6220 2428
4094 1458
21 3891
2172 2060
45 1157
4541 6009
1899 3399
5757 3835
153 876
6181 5945
3415 3660
5905 2625
3785 1000
1103 6084
1546 3774
3059 5926
248 2835
6067 168
581 6241
5870 714
5376 3093
5119 4869
5485 2450
5175 2479
602 4056
4289 1980
1744 4932
2454 3577
2215 650
6102 699
958 1804
1038 1605
1801 1166
1722 5739
5357 5022
619 5093
1585 5478
5282 4262
931 1885
4510 3227
935 4099
3091 4609
4213 4183
1856 835
4675 5885
4250 4054
5537 1826
5597 3820
1847 5245
2159 2354
1653 215
6207 1709
3382 2474
1093 5749
128 1256
2163 5759
2309 4690
5761 5724
281 5327
5799 950
5166 180
2923 1995
3359 975
2459 5917
1574 5135
2289 6111
12 5999
3287 424
154 1382
6207 2092
5980 5863
4093 4190
6225 3148
615 1714
5267 2831
874 2792
1030 4832
3733 2415
3448 1581
1431 1982
4745 4263
456 3805
5044 683
2046 310
3995 3974
5000 5111
3050 4103
4697 3518
4466 4769
2534 2889
3204 2660
1434 1840
1309 672
3557 2569
2900 2678
3568 1833
1193 2393
3183 1940
678 1247
3823 2283
358 1143
1353 6008
3253 3896
4761 1968
2070 5475
1482 3455
5041 2892
2263 4595
2575 4436
3612 2330
5248 5384
3496 2450
1136 4632
257 4137
5259 5802
4472 4490
5714 81
1490 2800
4678 455
639 5101
133 30
982 2357
162 428
512 1617
2926 5056
5448 3205
5750 6205
5496 2381
5882 1308
2060 1009
3002 5301
326 3473
5095 2312
2205 3749
4699 2375
5823 3687
861 166
545 1107
842 1476
3854 4222
250 6181
4603 1130
2457 4796
233 147
4289 3313
5701 5529
1881 3694
5778 5261
3593 928
5946 812
4380 675
121 5159
98 2965
3792 6173
1502 1906
1251 4368
5239 971
734 43
29 1590
1829 1215
3974 2416
5373 4957
2050 3039
1836 3159
5805 4288
214 2418
4163 2267
4768 484
3340 3467
3055 3715
3285 3535
3777 246
2189 5898
4462 6156
5713 2906
5526 1275
276 3461
5241 277
174 2327
707 2513
692 4642
1492 2637
3987 3685
3254 2349
103 5328
5937 2054
4109 714
6106 3159
3656 6045
3167 5595
982 1407
1245 2135
1103 420
3746 4972
4971 5269
2552 2423
4041 4484
5035 3268
2832 822
584 921
5848 5549
1629 3384
4125 1007
950 5087
3270 4854
4704 2160
2055 5094
4924 4752
1012 4473
2294 421
5244 3652
5264 441
33 1044
4555 4790
59 2513
3255 3645
944 1254
402 4222
2033 5113
2996 1681
911 3719
6131 4990
201 112
315 4696
872 3189
6023 2056
2349 4505
614 2277
4420 3447
1127 3991
3600 2071
617 2625
2455 4475
3496 5209
5412 5251
1983 3474
4439 5648
2200 1839
2334 717
3045 2639
4043 3744
923 867
1470 921
3259 4469
4302 2831
5302 3881
2395 2244
1615 4004
5577 4428
5962 4703
4851 4031
4708 3403
6138 2759
4603 6070
3283 3450
5421 1697
2238 3649
6235 317
3880 5676
3515 3480
333 4312
5104 1871
2581 1019
263 4273
5905 3335
2036 4809
937 5522
654 2963
3242 4083
326 3022
3525 1997
5683 2419
5820 1579
4183 4746
3574 1543
5598 5511
6076 6182
5742 2395
5785 360
4856 408
2323 4682
2695 527
1514 115
3524 4117
2430 1178
2916 3365
4523 4269
5746 1726
5149 1412
671 4044
5866 5403
5698 6215
805 5141
5335 4489
1163 2072
688 5711
1760 3440
2501 5079
5647 517
5346 5683
2078 3437
4392 4896
4398 5767
2488 3726
3357 4100
3595 5291
3186 5580
3401 3166
3912 1248
3509 1570
3579 724
2635 298
976 6047
2702 1098
3465 3648
2961 1284
5030 1573
6222 28
994 149
2638 4797
645 2797
4548 2076
5384 5921
5028 857
5955 5272
3967 2283
1840 3262
4289 1191
5300 5108
192 2923
1692 337
3052 4245
1532 3875
2311 5808
4793 5210
3860 4069
4083 2422
3387 596
1670 4787
1046 3381
1385 4607
3692 1153
930 3828
2339 555
4966 1348
4476 2985
2899 4333
5281 5801
2273 5037
3366 2801
976 5934
1796 4329
2362 2735
3268 3208
1822 3624
1959 5307
3056 35
5588 736
3422 5912
5142 5452
2339 3576
1517 2910
5711 5556
611 3339
2689 3202
3981 4430
2344 1184
3575 851
3301 5181
787 4402
4192 5061
5480 3477
4000 6079
3087 5222
3095 4004
2688 3804
966 2610
5149 5788
5623 188
3506 1635
1850 2302
5073 1978
2974 3421
5923 3805
22 4805
5235 5868
2131 1398
5079 2181
3367 2909
6009 3801
3718 3730
451 4606
2300 4707
2427 2627
2819 5411
5297 3065
1724 5748
3054 5454
1861 5280
4937 3079
528 83
6018 2711
2012 4883
4378 2470
2760 35
5695 1391
3441 5686
2281 3174
5237 1183
1799 3573
161 2246
1368 6179
1383 5577
173 2302
3636 2727
3702 4175
1105 3070
4484 1208
4250 5532
1065 225
6156 1422
5406 4219
1499 2660
3645 4587
4934 874
3799 4819
2169 4539
2672 510
5865 2379
4913 5512
5589 5942
4154 4416
5737 153
1582 2340
2199 4008
5530 1174
2427 723
910 1659
361 4362
4334 5448
1391 4030
806 5115
3008 1345
2337 880
1423 6116
1465 853
1601 492
6164 2132
2835 3493
1392 4375
3532 3137
2169 4903
1322 5174
5427 4357
1625 893
5623 4608
2015 3314
5839 4144
3370 1125
381 5476
5760 2620
416 242
4531 1050
811 5122
991 3368
6188 1596
6230 1848
631 1560
4321 5544
107 1332
2722 2483
6146 4053
5259 2198
527 2934
2993 5356
4866 653
4968 1539
1887 2797
4947 960
2460 3177
3128 1360
2044 1077
683 2861
3516 3790
5630 5560
320 983
1371 5290
4062 5210
5589 5800
439 1919
5160 788
2194 393
6121 808
3070 678
113 1761
4020 4976
954 3336
854 5358
2681 1261
1597 2786
3368 5221
3166 3629
4946 567
5331 3999
884 838
3214 2781
6109 1496
5608 3363
5043 748
3348 3505
1091 4479
1688 5330
180 818
306 1375
2211 5780
4539 4443
574 6166
2786 5049
3466 2796
2365 2654
2689 2168
5389 1961
1261 5563
5881 3798
3756 5689
4799 4639
5579 3324
5419 4182
6244 5489
3758 2911
2598 458
2690 5171
5600 5806
5981 311
771 184
5099 4574
892 2164
4480 1611
2220 672
5741 1852
3176 4500
2265 75
4721 2063
2134 2722
5714 2306
5875 4525
5775 3606
1662 2247
855 4268
5498 2472
1043 4925
5632 804
2520 1121
1285 3274
2997 3718
1631 5111
4965 4179
3626 5963
3341 1046
3084 3501
2165 497
964 12
5567 135
4235 1928
4519 2732
3840 1251
1993 3162
5545 3055
4822 6011
4910 2978
3322 273
656 4478
2853 1218
4639 1549
1131 1143
4664 1857
4669 3957
410 4648
1176 3992
4123 4724
2987 3377
4602 1414
5375 2827
5131 6185
5787 4828
4836 5863
6084 3243
4921 528
1696 5639
2307 3440
467 5869
52 4453
2570 1311
2704 2588
3124 5374
5869 3519
1813 1037
1523 4035
2373 1419
6004 3941
3149 2539
1123 5391
4734 4671
3601 5532
4851 3153
1176 1999
2225 1666
4068 2609
3698 2334
5053 1895
227 3623
1081 2886
1070 3839
3281 145
2401 2065
2202 2489
4860 5753
5779 1424
1537 5045
4249 5420
983 676
1312 1402
3208 1551
5508 3852
3882 6019
787 766
865 5414
916 4613
1316 3916
561 392
529 1568
3371 4835
4256 2728
2866 4126
3697 2223
1120 4203
4684 193
6004 222
2730 6094
3453 1676
652 3113
3838 2301
4084 3961
674 327
2893 3683
1847 4332
3336 4636
5878 2036
2310 1289
1485 2974
104 4587
2834 3722
6100 343
5002 5608
1486 5527
3473 543
1888 4025
663 1603
2420 3625
4692 4960
533 44
1295 5889
3694 607
3461 1999
2982 2167
1011 5291
4883 5246
3715 2000
6212 6092
2134 2335
1618 2825
4502 2200
3741 3983
6186 6194
5989 2538
4579 4850
1636 2279
141 3616
3404 1845
1178 6060
4523 6242
3927 2061
3343 1577
138 515
4572 5898
2885 1388
4652 3682
1440 6238
5157 3929
3679 4564
5174 5016
1855 2651
4599 6036
1698 2475
2477 3799
2572 83
4513 4798
2919 1315
4455 5848
2670 3697
2950 5662
1005 162
5242 2876
4056 5966
3927 1923
4862 5971
86 4294
1619 1082
6136 6122
1977 3863
3673 4792
4732 1929
759 6232
1488 5293
6117 5275
2216 952
2601 2300
3127 3680
2333 1704
4147 5296
1258 5808
4292 4028
3140 3799
1228 3591
2013 415
3138 2665
2936 4175
2244 572
2702 1861
1892 50
6052 2047
5270 5146
3095 4494
2559 3303
24 5751
630 2968
5107 4908
6233 5355
1985 2161
1080 4160
5624 210
5484 3269
3750 641
2880 1410
4962 1675
4970 6014
4859 1209
5738 2804
5095 4389
3433 1192
5938 2412
5170 1299
528 6023
1659 4682
4625 2512
6157 5065
3593 1751
875 4338
5545 4726
4113 950
4566 5560
1609 5001
1050 4090
6047 4850
5846 777
2077 1052
4064 2661
1712 4804
3740 6211
1805 429
1062 3413
5050 5200
1192 757
4023 4981
4363 4069
3968 5117
4304 5211
5452 423
4834 532
4360 1287
3607 4237
10 1266
2428 1728
4282 259
897 4098
4548 1497
4048 3562
5837 1951
193 4566
507 3635
4822 4681
653 322
2343 1345
1262 3292
379 1073
2573 4857
6178 4288
2212 2811
3578 2551
947 2414
5887 681
5681 2974
5830 4218
2203 3101
5301 1743
1849 1791
661 3751
4378 4612
4222 2995
2711 5645
1727 6065
381 778
6010 6134
3327 6012
384 2354
331 5594
284 1289
660 2912
1324 734
4840 3398
3677 840
902 936
4532 3445
4827 6152
1096 501
3781 629
3830 4892
1241 1515
4147 2376
389 4781
917 2405
1763 4689
1525 728
2525 5435
2887 1017
3563 1952
2709 5491
546 3351
2746 2798
1326 1972
3760 2096
397 5159
1455 3665
4640 337
1139 6012
2315 5709
3151 1554
3791 3294
471 2678
3985 6114
5609 5347
4249 5577
3971 5065
4266 2666
3696 2390
3972 3634
5031 397
3971 4229
1094 1887
1420 2267
1426 1530
5437 1242
3213 4335
482 2762
6180 4009
4992 649
5471 3904
1417 5473
3366 388
4954 4985
2466 4189
4936 4515
908 5219
544 2920
5081 4359
2233 3440
4474 3
6058 2184
539 2425
3984 2064
4794 4509
1309 2469
3430 711
5102 4800
1958 2498
1828 3875
4815 3956
3280 5615
4576 5288
5289 1701
1298 4118
877 3526
4318 6224
4411 1896
1831 5792
3323 4890
1393 1645
5469 5568
2906 2545
4010 5300
145 690
4285 1886
4123 4196
1654 4314
2529 1389
774 1482
943 3384
5032 646
4854 2792
5018 2355
4476 526
4424 3200
3599 1970
64 657
5875 1310
5716 4080
1264 1702
1012 5285
78 2041
1966 2368
1503 332
910 5714
4338 1082
4953 2279
4295 6050
2903 4899
3188 879
1085 729
205 2848
4040 3194
2280 4325
1630 5874
2104 5606
834 6147
1376 2000
1338 4982
2699 5818
930 823
4149 6167
6200 3723
903 120
1450 3939
3195 3383
4254 28
2871 5504
5136 3100
5005 3669
1424 3069
483 2906
3015 2221
2702 2199
1698 6000
1813 5130
665 2517
4759 5266
107 2656
6107 1021
946 1799
1198 5929
5033 785
428 124
5721 5556
1447 5493
1579 129
1729 5359
60 1227
6059 1607
4141 2706
1340 3684
2435 5109
4952 5025
3307 3111
1500 5115
4714 3172
6125 830
1691 944
5091 3856
1164 1157
3005 5048
6239 1608
4143 4037
4553 4976
4189 1911
270 1979
5519 4635
4466 3534
4872 4046
5482 4602
1773 3922
5945 3312
2770 97
844 2967
4515 1534
3986 5395
243 2728
5648 1001
1844 1986
3135 4227
1613 460
4764 5745
1579 2955
1439 4354
911 739
265 1559
1743 3668
1569 3642
3092 5961
5858 5679
2362 1035
5729 5578
3240 4990
4169 6178
2745 3557
117 4085
2350 1365
2464 763
6192 5441
4234 762
448 4178
5220 904
4709 2010
1797 3377
5521 5802
457 1217
4308 2424
3811 4744
4739 2210
4852 4854
2291 4938
3535 1790
6168 2254
923 4865
212 2762
4427 3748
369 241
2229 3792
2011 4217
3721 3160
1715 5545
2526 4402
5953 5218
4598 1055
642 5703
4628 3819
2829 3117
5051 2778
3117 3836
3538 6238
2517 908
5831 4096
2163 5870
899 1992
4538 2977
3643 4933
6049 1845
2375 4986
5561 239
432 5906
4158 2671
5455 3220
3487 4453
5438 893
3868 1299
27 4899
2612 2432
5959 5250
802 1408
6061 3012
4596 4364
836 3127
1382 2916
509 706
5957 1443
3412 1533
5909 92
3804 4991
4970 601
4196 2192
4800 3170
3107 4001
2574 5322
3038 1048
2032 82
2857 1931
1252 3851
3503 1839
2430 4321
759 3875
3254 3097
3727 3191
436 4650
1077 562
5487 410
3347 6225
6063 4777
1465 304
5135 3892
751 5419
576 4054
2869 3283
2760 5173
4105 3005
4412 6014
4223 4294
4570 96
4922 1606
243 293
5567 3747
1478 698
820 1712
4200 4757
2938 1949
2245 3213
5687 3113
533 5492
2394 2681
4103 4467
4938 329
1633 605
4883 709
1394 3118
437 1681
5432 3879
1222 5531
4491 3980
6057 3794
480 4994
4998 269
4373 6227
4014 664
77 1735
746 589
3663 2509
2757 627
846 4846
2152 5617
4958 3820
4017 4728
6190 3749
5259 5991
2068 5833
1404 5368
1863 3360
625 3398
5783 5899
1489 2969
3375 252
5377 1186
4601 1874
4110 4477
4762 5771
1360 5672
2004 5811
3541 3944
1375 5513
3322 2619
5216 1614
425 1521
1022 4117
5088 4239
1614 5773
5136 5288
4581 5292
3973 826
4349 5643
2883 5175
2831 3522
1143 1494
6127 1140
1461 459
6111 3225
3219 4219
1037 4034
2984 1085
4354 576
11 5087
5965 5974
2440 5025
1781 5146
2005 6135
5039 3298
5543 3454
1286 6140
6167 5755
4467 3782
2947 2286
380 2374
3607 1296
125 4937
2048 4046
934 4589
3040 2967
632 674
2243 4958 5877 783 3493 4601 3474 374 1096 3108 1548 2074 6015 1026 5202 1330 4406 3780 4160 5675 3828 1474 5395 3443 1732 2658 2219 2405 4145 1092 3304 5479 4381 4019 4051 1434 114 3689 1639 4654 2383 998 735 5211 2715 1580 5273 4426 3455 4507 1694 2156 2545 1280 3342 1151 4060 4905 3710 5107 2361 1946 2984 3914 602 5966 6115 5453 74 4537 4935 5586 2977 5307 700 1335 5637 2992 2515 5743 5501 4405 1054 4226 5776 5544 5254 3112 4606 3997 6091 1239 1576 1587 220 5252 341 3402 2345 95 1711 3924 5381 5879 2128 5913 409 2524 2994 2563 1240 2261 2949 2084 6053 3723 3418 85 3615 4561 130 4124 1623 1637 2211 6213 3261 6159 236 4459 1244 3960 5361 1212 4027 5658 2086 426 4524 1456 1384 6052 2236 4487 970 182 3000 2915 690 5922 3281 741 6174 5321 391 2285 2499 3211 6119 318 3319 5269 808 2632 6170 1909 1 1370 5583 4457 1449 1834 1030 1700 5088 848 1604 5400 4758 3151 4530 2109 5570 1703 4948 204 5524 560 4085 2238 5176 2645 4336 5590 559 1817 2432 4444 5698 4986 5930 940 4133 1087 5849 3248 4452 2750 2562 504 1801 1594 3497 468 906 4132 4075 2626 2973 3230 4105 61 1517 5192 5048 1566 905 1683 4187 173 353 367 1850 553 2332 2033 3492 4825 4642 447 3372 5529 2981 5551 1438 2050 955 2443 3097 206 4831 3821 1487 424 6241 2580 3155 275 4432 5638 1379 830 3228 551 2144 2002 5177 1351 2232 1858 34 5283 4692 3584 6149 2505 6154 1381 1108 703 2358 3163 1947 26 1913 851 4856 1597 4095 4352 2503 5757 19 4939 5003 3703 2171 1152 4795 6198 3817 773 3839 4337 1306 5108 1592 5756 3141 3774 2182 195 3332 3282 4291 4554 520 5806 4830 5582 2677 3874 3252 2587 3563 1925 2701 3789 4347 1501 669 5735 418 791 1575 169 5895 261 2035 1955 4982 4876 2898 4657 5436 6201 1879 2591 2791 2043 4290 2406 4695 2675 2209 5076 4450 890 3502 3428 4727 4829 6106 5854 5502 5325 3932 433 5114 4582 2744 2945 593 1949 1265 936 2636 769 446 4465 4716 3530 2079 2288 3410 5298 5554 3154 603 4099 3190 2023 6002 3859 628 5351 1045 5327 6139 4292 36 5020 371 5954 4470 1761 274 438 3895 2466 390 2771 3053 822 516 1531 2031 4916 3124 2616 6086 780 299 4020 2034 3313 4165 617 6242 3355 4036 862 3912 474 618 5256 5280 3284 4008 5733 4959 889 3129 5340 4211 3289 331 542 804 799 6236 3969 59 4429 283 2058 4236 2025 3196 4410 2745 4925 3949 4677 3479 3491 4782 3199 4702 2087 2801 3235 2462 197 1094 3899 3353 636 110 364 6005 2624 5944 1633 758 1358 1113 2137 3110 5072 5352 954 5390 2553 5992 217 2725 644 715 148 1099 4884 2037 2005 1211 1652 3334 1892 1666 3773 556 3219 2380 5406 319 5085 5383 3478 5884 2400 6155 4894 6151 4995 4698 334 4941 5956 3310 2019 5332 1120 2629 5393 5960 632 327 3419 3675 2782 71 3057 4007 1680 2367 365 5133 6056 3121 2150 3133 5622 6112 1565 3609 2970 524 5505 5178 5047 3126 1751 4307 4648 6128 4691 342 5980 5983 47 3753 260 5725 5581 1963 3030 4942 370 2734 2653 2842 2789 1748 745 4621 1927 163 4509 5652 1460 1064 346 2878 4333 5442 1104 5611 55 3981 3759 1867 140 4788 1024 1832 4232 3152 5104 1724 3923 3376 396 4128 1321 4287 2893 5439 5205 1455 3265 1283 668 2004 6210 3212 1128 1948 4983 1562 4271 3657 2565 1860 5257 5995 5362 3987 1305 2684 3481 431 405 544 1448 4107 2481 6208 4366 3171 2601 5394 1328 3897 1332 3936 6147 1578 3770 5397 667 301 4745 1582 1755 3636 637 4823 2951 54 6007 4358 1893 4806 3325 5709 5562 4091 5972 3797 3903 3267 5329 1987 1838 4407 4725 2467 2867 4119 358 1364 5988 5506 660 5853 1705 5229 2724 1524 5759 1669 4985 1650 2822 3278 3728 1199 146 4743 2335 1612 2676 3210 6188 1618 5440 9 1193 2730 5667 2971 1498 105 4552 5162 4029 1483 770 5052 6045 2444 2242 5249 5472 1069 4061 5124 5612 1372 610 2814 5924 2290 1144 850 3241 4909 3801 1124 3514 2826 792 5143 4327 2416 3825 821 3144 4209 1806 3628 1734 2029 1647 3671 3362 4844 5359 3527 1195 5421 2021 1452 2872 2618 3316 84 295 5828 1939 4535 488 900 5720 5996 3218 4506 5232 4784 3101 4228 5941 753 4057 5299 5646 5170 1297 498 2357 1701 2306 494 1066 4072 3364 2999 290 119 5620 1929 3409 2960 2370 3328 1775 2668 440 4870 3205 6104 3052 4334 3772 211 366 1779 3568 585 1093 2384 2214 1785 1233 654 2442 2389 1367 2489 3802 6046 5401 2174 3067 1648 1256 6037 1713 912 4858 1031 3678 3614 2838 2316 604 30 5665 285 3834 3931 3162 680 3390 2773 5324 790 1462 1737 1153 4772 284 2310 5916 2318 2873 5950 5182 1593 2020 4928 549 4 2268 2045 5150 4346 4340 1538 2533 2717 4244 2100 5465 3641 6008 5650 1951 2028 3337 2922 1846 1245 3659 4577 5225 3178 5703 6218 1902 1023 39 2096 5948 2802 4227 5450 4063 3096 5224 1691 1472 5470 3795 6184 5740 1116 234 6103 3638 4087 819 6211 713 4842 4709 1945 534 4706 3900 3810 5904 3648 3680 727 2046 5569 5309 2069 1147 3709 718 1159 4900 476 3823 3586 340 5363 5933 419 5541 3873 1000 5975 1602 1534 4936 4786 2364 1354 3861 104 2436 461 5295 859 218 847 4973 1511 5804 2447 4202 1733 354 5459 6032 506 2451 2263 4771 1923 1253 4376 1769 3812 2726 4094 3312 6110 2098 2385 1620 2148 1564 877 776 6145 4586 3629 5312 328 1038 13 749 4422 1311 1216 5538 3537 1603 3257 3666 185 4248 4408 3215 5752 3546 6077 57 981 3761 2404 3032 3840 699 6075 2555 5572 5777 554 5334 4804 4886 2410 3704 1219 3011 3973 3918 3299 3896 5728 2856 881 1036 5655 3145 2024 5531 2052 1777 3449 5579 5856 3722 1230 2633 2422 4931 1334 5038 5906 3231 5891 3017 165 1091 2446 5069 4394 362 96 293 6067 5138 3871 6132 2197 1225 5671 3251 2988 3048 2560 5369 1655 1684 1202 1809 5790 412 3018 2875 4701 393 2686 2157 1774 6074 4738 894 1598 4205 5542 3060 5935 1119 5614 5193 2434 4711 4207 5855 5426 2659 595 2527 5721 993 3979 4468 1154 1308 4757 1188 2106 2731 3682 972 6096 4473 3408 6048 988 2700 4759 1292 4809 5304 5059 3173 4441 2063 5514 3637 4761 4191 3275 5490 2944 6199 1138 6179 4528 2712 2671 5253 455 5987 3822 4149 3487 3934 4914 4747 3888 6035 3558 4297 5475 4550 3521 435 779 2099 3080 3105 3346 1481 5939 434 4578 5928 4575 3580 2846 640 3014 2183 5391 3726 1475 350 5445 4225 5315 2917 2386 1173 1047 964 4949 2226 68 2027 1478 6168 5015 2583 4355 2772 8 4689 157 2643 1027 5926 5526 3968 287 673 866 1450 4272 3617 3599 3858 3128 4776 588 4492 2379 863 1442 3318 1663 4895 5976 1810 2813 98 5520 2595 5742 886 5513 1756 5953 2844 2953 479 1740 689 6176 2237 5519 4146 2927 6185 515 5832 5128 3730 5773 5216 4005 3369 1904 103 4634 464 3589 3803 4270 4588 1114 1736 1302 573 3764 5795 
1640 496 2347 3528 4512 3930 1780 2532 3889 2621 5221 991 5663 3898 4511 2719 4278 1992 321 20 4017 3486 4342 1545 4847 253 3123 3630 1529 288 4042 563 5014 973 3273 4022 2824 5645 3013 3807 2534 5126 4821 1741 1171 4040 207 5628 2833 729 3021 557 513 4002 3114 789 3050 3846 5968 2185 5969 1685 4576 4277 2909 270 5893 4513 4034 183 4214 5070 1882 3463 5195 1352 6209 3985 3901 1412 2654 2682 932 5320 1924 4898 3531 731 2256 442 1168 2296 4134 2862 5750 3990 2793 5188 4780 1819 3545 63 3295 5890 2737 477 828 5147 598 5196 3994 1394 2582 385 2836 4787 4401 199 865 5822 2859 1467 3634 967 5510 2599 4265 5194 1889 1397 5171 1696 1183 626 5250 3446 4012 4767 272 5647 5075 3035 574 245 1257 795 1298 3146 4185 752 3922 4049 5631 2266 3611 3869 2250 1175 3742 3670 3280 3915 1457 1217 5500 1981 5353 4720 4112 1600 5306 1347 5183 5692 816 4813 4840 2470 2277 564 4021 3188 452 302 5311 4700 394 5830 3442 3077 3777 2805 1227 5173 2003 1678 2287 4614 5404 3983 2387 3910 1259 222 2769 2703 887 1941 2655 5096 4643 3223 676 2815 1463 2425 738 1749 1415 1399 4295 705 5613 1615 4501 2637 2476 5651 380 3345 4704 4984 2377 5860 6055 2154 992 3829 600 1068 3379 2510 4630 3468 4339 118 979 4526 4489 2738 2764 4703 2747 2110 4461 6025 5836 4445 3037 1278 5080 4979 4156 4356 2907 2549 48 2452 2278 251 2777 5049 3515 2613 1141 4943 445 4969 3073 5387 1658 3187 4887 3513 134 1479 1912 2865 3046 3562 4926 2615 5918 1827 1995 3623 4435 4150 3352 781 4464 3229 4280 4572 3561 1767 2511 1610 2914 2304 2107 5914 3168 4955 3405 4092 3084 5191 1187 92 1967 1162 4006 3814 186 2218 853 4508 304 888 3185 499 7 3961 5576 3429 3175 2954 2164 2320 4859 2523 3457 5844 4627 332 6089 2207 4332 2418 1718 2026 1754 658 3058 1836 647 5669 2829 178 4194 2539 5888 4281 2292 2952 2056 1290 4594 2943 2161 2930 1059 2843 3705 4760 2322 5258 2714 2718 960 1664 2610 4434 3850 1378 711 937 3738 868 550 2546 3099 5598 2605 72 5106 809 5208 2465 3608 3051 845 2166 1312 1980 1229 1644 6172 4269 1040 4328 4341 4493 4369 2541 5499 4315 578 376 1988 837 4478 352 707 5769 5523 278 4504 978 922 3714 3311 5798 2121 2103 1276 649 1009 1294 5927 5317 2331 2783 2464 4536 3757 1055 2673 156 5263 5148 2522 938 200 2785 6118 5024 571 2351 2874 2501 5973 2408 843 6175 4259 5821 3838 4685 4789 4440 4975 1581 2104 629 4275 4665 3911 691 1161 297 3938 2990 2964 3083 2674 1778 4201 4733 2556 2303 6093 4503 4374 5574 1051 2913 4968 2929 6082 4104 6108 5466 507 456 5231 286 813 6038 5881 3778 1196 4923 3867 5734 3139 221 4807 1950 1471 4836 1668 619 5548 377 1776 89 1944 5584 179 6183 5887 583 999 6027 4371 5036 3042 2609 31 4062 2153 4558 2491 2540 3549 2180 449 4077 3662 4565 6144 4843 2251 4873 3483 2740 3494 1136 141 4162 5355 3882 490 6237 1214 97 2421 870 3357 470 914 4705 469 3286 3489 4116 697 149 1374 1641 4712 238 5103 1336 1156 3651 3769 4403 5294 4419 335 5011 514 4320 4329 2196 1521 1028 5145 5883 2089 3091 2382 4563 2224 194 2743 5067 459 5022 2274 2853 3323 4151 1797 4153 2987 3270 2891 4853 1376 1366 1346 4647 1255 1935 651 5880 5449 2742 4044 6136 5318 2231 2149 772 4186 5408 5640 1494 3956 4768 2688 4991 2641 4080 3582 5424 784 3809 1742 5575 1163 1607 814 3024 6161 3019 5234 6165 4779 6231 3517 1627 1870 355 5081 2921 228 453 4878 949 743 2319 2879 1969 3036 4649 2693 3203 4541 1996 2710 5540 3064 2708 684 2761 5715 4184 3620 5062 5134 778 4520 4631 1556 980 4306 73 1814 2683 2585 5838 5778 1107 5008 1520 2649 4033 1430 4086 5485 919 2369 5644 2709 2925 2680 1170 1745 4994 81 2492 1906 4527 5897 27 5515 6150 127 989 5389 555 2753 1318 4963 5043 4932 3001 5447 3989 5573 5337 575 17 5495 5068 3279 1890 1536 5989 2766 4390 5276 3739 5279 1570 5370 3234 765 4230 37 5156 3470 403 2900 471 2471 4093 4633 5054 6088 2577 4127 5456 2866 4568 4174 6000 2508 2497 3776 4686 5566 5876 4264 1044 5422 1327 4999 4456 5199 5813 4679 4035 1301 1008 2642 1738 296 5443 986 2821 3225 1673 4668 5027 3102 831 3317 5461 4308 2228 3639 4885 5112 2008 3980 3523 4996 4950 5354 1513 4240 4944 6043 2094 2188 599 2578 4839 798 1772 1916 1146 2733 5942 3216 1787 1991 6078 1875 4349 198 4650 4666 4255 1621 2852 1884 1508 1770 2317 3551 2803 404 2887 5618 2359 3472 2371 3130 6196 3020 2463 570 4889 2423 2402 5168 2140 5947 1429 3681 4674 5834 3285 2784 5662 5429 4765 1544 2830 4653 4090 132 3631 1964 2123 6105 3395 4488 1061 212 3988 5204 5616 1086 4849 3182 2863 4460 5685 1235 4593 5425 6203 833 856 547 5892 361 2567 2390 3150 1791 5026 3315 264 4368 5599 1642 3553 5451 2579 2018 2962 3111 5201 18 5468 3184 3476 1525 1507 2858 3306 1005 1750 3444 5857 3849 4431 3075 5537 4638 5006 3992 3719 1634 6162 3495 191 4417 3883 977 1855 45 219 4305 2657 4330 5803 6033 1431 4293 3504 5264 2554 4828 1243 3242 1746 2854 1789 4585 2480 4298 4540 2038 2767 1960 1843 2969 1118 5110 2604 777 6041 4622 1344 4447 2190 1413 5826 1361 1591 2455 2201 5161 5610 5267 3522 372 4589 4646 1015 2138 465 1205 4820 1090 3752 4838 3092 5285 1852 6229 4015 1387 5071 4274 3082 3731 6079 4045 6124 4855 4114 2568 1296 1910 4906 5789 641 2890 58 3074 5435 1586 3734 4871 3661 2669 101 56 3206 1109 4135 5719 5525 379 4414 3421 143 4681 5184 4567 3516 3737 3864 4710 4367 3081 1197 943 1016 5794 1558 5444 4486 500 2799 3877 2597 3505 4238 5827 4454 2095 2245 766 5591 4372 659 4059 1649 5508 2485 3786 5228 623 4310 1459 5123 4544 2795 486 5587 1549 3860 3894 46 2516 3272 4101 3590 6054 4018 5672 308 5010 3239 189 1049 1020 2343 4317 306 5215 2763 913 3047 300 3031 842 125 5774 4282 5284 3179 1002 4409 1794 1823 2706 5153 3862 4783 867 4865 4089 3603 756 395 1901 2905 2976 2170 2097 5198 5416 4808 2934 2871 1986 5160 5852 5092 2870 5843 2168 
