12 60
 0  C   9     1 16    2 11    3 20    4 14    7 19    8 11    9 17   10 17   11 14
 1  E   5     2 20    3 18    4 15    5 19    9 18
 2  F   8     0  9    1  7    3 11    5 10    7 15    9 10   10 19   11 20
 3  D   5     0 10    2  6    5 10    8  6   11  6
 4  A   5     3 16    5  9    6 18    9  9   10 19
 5  A   7     2  6    3  9    4 11    6  9    7 16    9 12   10 17
 6  D   6     0 15    3 12    8 17    9 12   10 11   11 14
 7  E   8     0 17    1 17    2 12    4 15    5 10    6  6    8 15    9 17
 8  D   4     0 14    5 11    7  7    9  9
 9  A   7     1  5    2 12    4  7    5 18    6 13    7 18   11 12
10  C   6     0 15    1 10    3 20    4 14    6  5   11 14
11  B   8     0 10    1  6    2 12    4  7    6 11    7 15    8  6   10  6
