100 700
 0  D  10     1 99   13 128   14 88   30 54   33 130   35 83   42 59   48 121   54 62   57 104
 1  B  17     6 77    7 102   10 94   18 107   21 145   28 80   34 148   37 143   42 82   43 128   50 61   60 91   69 125   70 97   73 90   76 139   79 79
 2  I  21     3 140    5 137   28 91   35 82   43 128   53 123   57 90   58 115   59 116   60 131   61 119   64 55   67 82   75 110   78 124   79 121   83 145   84 77   88 141   90 145   93 73
 3  A   9    19 150   38 99   49 69   51 79   58 68   62 131   65 57   83 93   93 124
 4  H  15     0 71    8 87   27 88   28 135   38 74   42 71   47 104   52 89   68 95   73 82   81 92   87 50   95 131   98 127   99 104
 5  J  18    16 112   18 132   19 147   21 55   22 137   26 146   29 103   31 67   34 68   41 140   42 62   44 115   61 89   80 92   88 79   92 83   96 53   99 53
 6  J  17    14 115   16 146   30 60   32 59   38 56   53 88   55 105   56 118   58 75   64 138   65 52   73 92   79 87   84 117   86 87   89 97   92 125
 7  D  13    12 92   27 64   28 104   30 89   31 89   33 105   34 90   48 87   75 122   80 147   82 140   86 106   95 109
 8  J  19     6 145    7 145   11 61   12 101   15 136   39 148   41 137   53 64   66 133   68 140   69 95   72 64   74 68   78 125   81 96   84 80   89 82   94 125   99 102
 9  D  21     2 134   17 134   23 103   29 97   36 67   38 124   40 135   42 111   44 123   47 59   49 106   57 64   60 113   71 111   72 90   77 86   83 124   86 91   95 59   97 132   99 150
10  B  12     4 73    9 68   21 63   32 92   42 66   48 79   58 119   60 110   64 125   71 63   78 126   82 125
11  J  10    14 70   15 149   21 107   43 50   46 64   66 94   71 57   83 144   85 72   97 102
12  G  15     1 83    5 58   11 67   21 123   33 103   38 101   40 99   59 53   61 114   77 55   80 130   87 77   91 106   94 140   97 125
13  C  20    10 79   12 91   21 65   22 137   26 91   30 50   33 147   37 82   49 125   50 119   54 92   60 84   64 82   65 128   71 105   77 102   86 148   90 64   92 133   94 72
14  J  13     5 106    7 136   27 92   36 110   49 77   52 93   60 113   62 134   75 57   84 100   89 144   93 109   94 66
15  A  15     2 113    9 138   37 93   40 136   51 101   53 134   61 59   65 123   67 69   77 120   78 92   83 146   84 143   91 114   98 109
16  I  14     2 118    6 107    7 132   10 130   14 73   32 65   39 115   47 67   53 120   59 86   63 52   71 134   72 105   76 83
17  D  19     6 101   12 68   14 103   23 91   24 121   25 146   33 82   41 54   48 150   51 90   57 115   58 86   62 90   67 147   70 84   75 50   83 55   93 78   97 127
18  B  20     5 145    7 61   10 68   11 55   22 143   30 117   33 54   36 66   41 97   42 54   69 101   70 130   72 132   73 50   74 91   76 104   85 71   89 57   96 85   97 94
19  G  21     0 103    3 88    4 89   18 73   22 112   24 89   25 97   28 114   29 114   30 101   35 142   43 90   44 61   49 105   60 72   64 110   70 63   85 78   90 119   93 97   94 130
20  J  17     3 150    4 103    9 105   12 111   17 58   23 95   24 63   42 114   47 142   60 140   65 102   67 118   72 68   79 70   81 119   87 132   90 115
21  J  11     1 71   15 63   24 125   25 137   26 88   40 67   50 140   56 123   79 107   85 135   98 61
22  C  13     0 79    3 52   12 82   20 140   23 70   36 118   39 129   42 140   65 138   72 76   74 127   95 113   98 78
23  B  10    13 83   17 70   19 76   28 82   32 105   36 84   48 116   53 120   90 89   98 88
24  H  16     4 145   10 80   23 141   32 133   34 76   45 124   48 90   55 92   64 55   66 137   76 123   80 116   83 147   84 107   94 104   98 63
25  D  13    13 122   20 122   26 70   31 149   32 67   44 83   46 126   56 117   57 114   60 107   67 56   91 122   98 72
26  D  13     0 86   20 87   23 104   24 134   40 54   56 112   59 72   67 82   76 124   80 137   82 93   88 99   91 68
27  F  16     3 57    5 139    8 100    9 80   20 102   32 64   39 57   42 82   48 122   55 50   59 71   61 73   76 128   82 86   91 52   93 84
28  A  11     0 87   22 107   23 67   38 121   41 59   45 58   75 59   77 133   85 56   91 119   94 88
29  C  15    28 135   31 136   36 64   39 52   43 121   46 110   58 104   66 113   67 146   73 90   75 99   81 125   82 56   85 119   89 88
30  H  14     3 82   11 52   14 132   39 75   40 71   41 69   57 62   59 93   68 89   73 131   78 77   82 69   89 78   96 143
31  C  12     1 106    6 123    9 58   21 132   33 138   41 120   63 142   68 115   69 128   70 112   81 148   85 91
32  D   9     1 104   14 122   17 117   45 118   46 143   48 100   61 107   75 110   77 61
33  J  18     6 132   16 144   17 68   20 148   31 147   38 92   40 101   56 117   62 108   66 51   69 143   74 132   83 116   86 145   90 52   92 139   97 130   98 118
34  B  14     1 63    9 63   16 143   18 64   21 133   33 93   37 108   49 58   55 85   68 146   74 95   82 146   98 140   99 143
35  C  17     0 80    6 77    8 96    9 116   37 111   38 121   45 127   46 60   62 147   65 120   69 107   71 61   74 83   85 82   89 132   96 132   99 67
36  D  13     8 131   14 73   18 139   26 118   32 119   43 87   45 124   50 135   67 88   68 147   69 144   82 111   99 122
37  F  17     0 78   18 93   22 124   32 62   36 139   43 64   49 148   59 72   63 51   66 123   67 130   68 145   70 127   79 76   86 138   87 138   91 67
38  G  13     9 99   22 52   23 122   39 147   46 105   50 84   53 116   55 71   63 120   64 121   93 94   96 119   99 144
39  J  19     5 64    7 142    8 131   15 77   16 94   26 104   29 74   33 126   41 56   45 92   55 82   57 112   58 133   59 136   61 118   63 88   67 83   98 77   99 138
40  I  17     4 78    8 76   17 134   20 79   30 57   31 70   36 134   37 121   38 128   42 108   43 59   61 95   66 131   69 86   74 112   88 91   91 104
41  E  11     5 136    7 110   19 133   23 83   24 132   28 80   38 121   47 101   66 112   68 147   82 101
42  B  16     6 146    9 100   15 72   22 122   31 131   35 131   40 73   46 79   47 136   49 133   61 110   62 90   68 66   74 109   79 124   84 95
43  G  13     7 132   11 127   13 83   17 136   33 134   36 96   37 118   60 70   70 115   71 83   77 73   82 57   96 134
44  I  19     5 87   18 117   22 121   23 142   24 140   25 84   28 142   37 88   38 89   39 117   45 94   46 108   47 112   56 88   64 67   74 71   76 110   89 111   92 109
45  B  20     0 102    6 133    8 134   11 53   14 65   16 118   17 101   18 96   19 51   21 51   22 130   29 79   30 106   32 139   42 82   63 120   70 82   80 131   81 63   99 128
46  I  18     1 74    2 115    6 51   13 110   26 102   35 56   37 100   38 112   41 115   47 63   50 92   54 125   67 92   74 54   77 111   85 58   87 118   89 108
47  D  19     2 142   19 62   25 54   27 132   38 58   40 145   42 139   49 124   51 138   56 106   60 116   63 134   71 139   82 103   83 77   84 126   85 60   89 75   92 86
48  H  15    10 78   14 105   16 139   43 92   52 140   67 77   68 71   70 132   72 103   76 106   77 131   78 83   80 68   82 149   83 83
49  A  12     1 70    4 56    5 97   19 57   32 140   48 117   71 81   72 87   73 81   91 119   98 120   99 54
50  I  26     2 79    4 53    7 149   12 105   16 66   17 87   18 57   19 63   21 66   22 111   25 112   30 81   39 143   42 54   46 126   52 73   64 118   68 146   72 84   73 60   87 90   88 84   92 97   94 108   95 114   98 123
51  I  19     1 132   14 126   21 92   24 122   29 128   35 144   41 110   42 73   50 53   54 54   59 118   66 126   67 50   68 117   72 83   74 98   92 53   95 110   98 71
52  D  12     4 121   10 61   19 63   44 74   49 78   67 143   73 50   74 79   77 65   79 56   80 148   90 149
53  I  15     3 52    4 71   11 53   12 141   14 133   27 138   32 80   33 139   40 81   46 120   54 136   65 102   82 61   95 61   97 96
54  F  17     2 55    7 142    9 92   17 84   22 95   25 56   28 123   40 142   43 92   45 99   57 139   61 94   62 84   74 99   79 139   89 116   96 83
55  G  17     0 90   18 83   19 132   32 81   33 75   37 72   40 75   41 100   42 72   50 135   62 104   66 100   70 116   71 80   74 54   91 88   93 135
56  E  18     0 149    4 95    5 103   15 102   18 95   20 83   23 118   29 82   51 127   52 102   53 100   66 90   68 101   78 107   83 145   92 133   97 69   98 130
57  C  19     3 88    9 143   12 60   23 91   28 119   38 65   43 99   47 137   50 144   62 58   66 89   70 81   76 149   78 59   82 102   83 140   96 125   97 91   98 147
58  D  17     3 145    7 66   12 90   21 146   35 126   37 123   47 63   50 90   51 82   66 69   67 137   75 85   81 52   85 131   87 60   90 77   91 94
59  E  11     7 72   18 78   19 122   28 52   36 53   43 121   65 145   71 113   82 116   84 122   95 134
60  A  18     3 129    7 114   19 93   25 129   29 94   35 150   36 131   47 114   53 50   65 109   74 67   77 53   87 146   88 95   89 79   90 116   95 83   96 91
61  J  13     1 58   13 87   17 117   20 142   21 103   33 61   50 94   56 69   72 109   78 93   82 83   92 101   94 71
62  F  17     0 106    1 72    3 60   10 84   11 141   23 101   33 141   41 62   44 56   67 70   70 109   71 73   89 50   93 50   95 112   96 88   97 92
63  I  13     3 139   24 141   28 90   30 132   40 63   47 70   57 118   67 135   70 64   73 54   75 148   82 77   99 83
64  H  15     3 59   20 103   25 61   31 132   37 147   43 107   47 117   48 132   66 104   68 143   75 107   77 142   88 136   98 132   99 99
65  H  14    11 62   26 144   27 150   32 88   34 126   37 140   39 108   43 141   48 149   49 146   66 88   81 90   82 117   98 83
66  F  18    19 105   20 77   21 86   23 57   25 94   32 58   42 120   48 52   53 83   61 98   68 108   69 105   73 81   77 143   83 75   88 143   93 150   98 111
67  C  15    14 84   16 94   19 57   24 79   44 101   54 91   58 81   61 62   62 90   71 89   82 80   83 111   84 91   92 69   97 71
68  A  14     0 79    1 74    4 75    9 97   30 100   31 77   36 57   41 65   55 127   69 52   71 149   88 144   89 72   90 58
69  I  14     0 84    9 128   16 81   20 85   32 107   36 145   40 117   48 60   50 56   71 146   78 136   84 81   86 54   97 96
70  B  20     1 145    4 85    7 92   15 122   19 138   33 72   44 126   47 117   48 114   55 139   56 97   57 86   63 79   65 106   66 145   67 117   68 62   75 137   84 68   94 127
71  B  16     0 66    5 149   15 95   16 70   18 91   22 125   26 127   38 87   50 87   66 73   68 66   80 61   81 136   82 150   88 130   91 81
72  C   7    15 78   22 75   28 59   48 130   70 64   77 104   83 87
73  I  21     5 121    6 106    7 70   12 72   21 55   24 107   35 134   40 124   41 106   45 95   49 62   53 83   54 120   56 135   57 107   59 78   67 138   72 119   80 120   81 98   96 113
74  H  11    17 62   35 52   38 61   49 78   73 64   75 114   79 52   80 54   87 131   89 111   93 86
75  G  16     0 62    1 59    2 82    8 127   18 82   20 117   42 56   62 81   63 142   68 95   70 106   72 112   73 50   80 73   86 143   91 75
76  A  12     4 116    8 111   11 87   18 97   29 111   30 53   35 111   38 124   71 51   84 145   87 60   91 136
77  I  15     1 84   26 119   29 82   34 54   40 120   41 116   42 84   54 102   63 67   64 67   67 142   68 120   73 53   75 140   99 75
78  G  18     0 126   14 114   18 83   19 109   20 134   22 55   25 86   31 127   32 97   34 100   40 130   51 118   58 101   62 107   71 85   73 51   75 50   83 84
79  J  17     1 91    3 138    6 124   11 70   23 85   24 76   42 64   45 53   55 112   58 102   60 146   62 51   64 70   67 62   76 68   84 66   97 57
80  I   9    11 66   15 106   24 54   35 139   45 137   49 144   61 149   74 130   76 108
81  H  15     1 68    6 85   27 134   51 130   63 90   66 63   67 127   72 130   76 106   78 74   88 88   89 67   90 96   91 100   93 118
82  F  24     0 59    4 134   12 88   13 97   15 135   16 60   26 64   28 86   30 88   35 106   37 119   41 106   47 143   48 146   51 131   53 62   61 149   67 128   71 115   73 86   76 127   83 72   84 57   95 81
83  D   8     2 108   22 105   40 126   47 96   71 104   75 133   81 91   87 86
84  F  11     9 88   19 104   29 55   30 105   48 76   53 106   70 128   75 55   92 76   98 133   99 65
85  H  13     3 95    9 50   13 57   23 66   29 70   31 75   32 150   34 129   59 95   77 66   78 100   80 79   98 146
86  C  16     2 67   29 69   33 61   41 127   45 128   47 145   48 138   55 89   58 89   62 63   67 90   71 128   81 76   82 54   83 52   94 114
87  H  21     1 55   13 115   15 98   19 75   23 56   24 133   25 83   27 80   39 80   42 139   46 122   60 111   61 127   68 55   75 76   79 149   82 89   84 83   89 103   90 53   91 143
88  F  12     3 90    8 119    9 135   18 50   23 89   28 67   54 90   74 134   79 142   90 69   91 81   94 83
89  D  19     0 84    4 122    5 107    6 121    7 76   11 120   20 72   21 54   29 103   36 76   40 149   41 113   45 115   66 136   67 123   70 121   74 82   75 145   77 118
90  C  17     5 138    6 142   13 113   14 143   26 74   35 136   42 58   47 69   51 146   54 92   72 142   74 94   76 133   81 53   83 121   92 137   98 134
91  G  18     2 69   12 87   26 60   35 119   38 51   46 119   53 83   55 74   64 115   65 104   68 126   69 118   71 55   74 146   78 135   88 89   96 136   97 103
92  C  16     5 116   11 150   13 68   15 57   16 91   20 97   40 136   43 68   44 80   48 124   62 65   69 88   70 91   78 59   85 73   96 84
93  F  18     2 67    9 114   16 120   20 112   28 64   37 128   38 115   47 56   48 149   51 125   54 129   74 127   84 98   85 125   90 90   95 64   96 130   99 137
94  E  19     7 120    9 126   11 143   13 108   18 71   21 60   25 70   46 52   49 127   54 72   60 68   67 119   73 142   74 109   79 75   85 98   91 74   92 77   93 100
95  C  14     4 64   10 141   11 144   33 81   37 130   53 125   54 100   57 105   59 85   63 66   72 128   73 74   81 109   88 111
96  D  14     5 148   17 101   28 124   30 127   41 123   48 126   49 111   50 79   54 69   57 105   62 101   75 142   89 63   98 53
97  C  15     4 130   12 126   25 53   28 109   29 134   34 147   43 134   45 146   52 54   59 143   65 116   76 82   80 105   86 86   96 82
98  B  17     0 58    4 77    7 80    8 132   12 101   13 109   33 53   44 102   45 80   50 97   63 104   70 99   76 71   77 58   89 124   92 146   94 138
99  G  17     8 101   12 109   25 79   39 88   41 130   49 120   56 143   57 112   62 143   63 145   67 109   70 128   73 63   74 126   75 79   78 143   96 131
