110 900
 0  E  15     1 191   13 123   14 171   30 176   33 215   35 190   42 140   48 163   54 224   57 156   73 126   95 211   103 118   104 147   107 107
 1  C  21     6 207    9 121   16 118   22 136   25 213   29 215   31 165   38 178   45 164   47 160   51 115   55 191   56 224   57 119   58 169   61 130   64 216   68 122   80 200   85 141   87 201
 2  E  24     0 117    8 136   16 144   18 198   21 170   24 121   28 212   29 151   30 186   31 177   32 224   35 204   38 214   45 218   49 225   50 141   54 129   55 128   59 149   61 148   64 223   89 163   98 146   107 125
 3  H  20     6 167    8 136   10 200   16 219   20 137   24 204   37 206   41 216   43 120   44 108   49 112   56 177   63 166   70 181   81 150   82 145   91 103   96 198   101 132   106 220
 4  G  21    13 184   18 122   26 139   32 229   40 106   43 162   44 195   46 190   59 186   61 229   62 108   64 110   65 224   69 137   72 210   74 183   77 198   84 199   85 142   87 116   104 122
 5  F  22    14 124   22 189   26 144   30 197   33 102   44 163   46 129   48 139   51 160   61 122   63 169   69 143   74 190   83 186   85 120   86 153   88 210   94 138   95 164   103 150   105 137   108 198
 6  G  19     3 127    5 137    9 185   12 128   31 158   46 152   47 112   49 157   50 165   52 109   53 224   56 216   66 120   87 208   92 184   97 139   99 201   103 132   109 210
 7  D  28     1 228   13 121   14 193   15 231   16 107   17 145   20 116   22 167   40 164   41 158   42 166   43 151   55 137   63 134   65 182   66 211   68 174   69 220   72 216   74 159   77 127   80 107   83 210   89 158   94 214   97 227   98 123   101 181
 8  A  25     5 228   12 185   18 167   25 220   27 141   29 209   31 195   33 154   36 145   38 223   46 182   48 195   60 146   61 161   66 128   72 194   75 157   78 230   83 165   85 197   87 135   91 215   92 228   96 150   107 175
 9  C  18     0 190    7 192   13 185   17 216   23 110   33 141   35 215   39 130   46 136   47 156   52 219   56 177   59 144   72 177   80 199   84 119   85 116   91 166
10  A  21     3 170    6 189    8 217   13 151   23 207   24 140   29 124   38 205   40 208   42 179   47 214   51 217   52 182   56 165   60 200   66 168   75 171   81 201   86 221   91 145   93 211
11  H  26     2 228    4 148   21 178   24 174   31 105   35 159   38 109   41 181   54 131   56 209   57 102   63 219   64 204   68 193   72 111   75 116   79 137   84 228   89 209   91 171   95 102   101 153   102 109   103 165   104 172   107 169
12  D  16     0 173    6 152   16 204   20 147   22 109   24 162   35 212   37 165   53 130   55 143   64 231   77 169   80 143   88 125   89 201   103 157
13  F  19     2 200    7 137   11 118   12 201   20 114   23 193   27 197   54 181   57 204   68 145   70 151   78 194   82 216   84 117   94 188   95 219   100 132   101 224   108 156
14  H  17     5 145    9 101   13 182   15 171   18 179   22 119   32 182   38 222   45 159   52 160   59 150   65 150   69 230   77 169   78 218   82 113   103 185
15  C  28     1 149    2 198    6 228    8 164   17 226   18 189   19 189   27 169   30 142   34 223   41 166   44 144   47 107   49 140   50 158   54 166   57 115   58 141   61 227   62 155   65 187   73 125   83 221   87 137   95 119   97 179   100 130   101 131
16  E  30     1 187    9 214   12 122   15 130   21 138   22 134   25 117   48 153   49 181   51 188   52 194   53 195   55 224   56 212   63 159   67 164   74 147   75 131   76 168   77 149   80 184   81 163   85 135   94 112   97 128   99 174   100 198   103 173   104 206   105 160
17  C  24     0 168    8 182    9 202   14 108   18 173   25 226   29 228   35 126   37 190   49 141   52 190   53 189   56 209   57 150   63 220   65 225   66 187   70 123   74 134   79 210   84 101   85 177   103 130   107 185
18  E  20     8 131   10 198   15 213   17 229   23 158   25 180   29 208   31 155   37 173   40 150   51 191   65 219   73 101   74 108   75 230   89 231   97 210   98 218   104 179   109 106
19  C  21    14 134   15 226   22 142   24 153   34 191   36 122   39 207   46 192   47 177   55 175   57 123   64 122   69 109   72 209   75 143   94 150   97 142   98 140   103 200   105 165   106 164
20  A  15     1 220   14 223   17 171   33 229   37 101   39 189   47 177   48 212   50 135   54 219   57 114   65 216   70 196   101 226   106 201
21  H  22     4 135    6 112    9 171   15 195   29 213   37 105   39 182   47 166   49 107   52 116   53 125   58 108   64 111   66 115   68 156   73 139   77 188   81 187   84 124   85 208   95 175   99 142
22  E  23     3 110    9 110   10 189   15 216   20 119   21 109   31 204   33 207   35 127   45 189   46 192   49 162   56 125   65 228   79 207   86 217   88 214   98 113   102 140   103 181   105 152   108 172   109 185
23  A  24     2 105    7 148   12 166   25 160   28 153   31 158   39 146   45 195   47 176   51 187   53 146   56 144   58 132   61 227   63 186   72 117   74 183   76 184   78 183   89 183   97 197   99 122   106 164   109 155
24  A  18     5 209   12 161   16 170   18 212   34 101   36 201   39 101   40 105   47 156   49 203   54 230   55 160   77 113   78 217   87 101   91 151   94 138   98 178
25  G  19     5 188   16 179   17 192   18 229   27 106   33 219   36 207   50 123   69 129   71 147   74 174   75 126   78 204   82 216   83 150   84 208   96 146   104 191   105 133
26  H  30     1 169    3 206    9 106   10 156   13 123   17 130   24 194   28 184   30 195   38 212   41 108   50 182   58 230   59 168   62 158   63 204   64 207   70 106   75 150   78 178   80 123   81 169   84 189   87 117   92 118   93 104   94 176   95 183   98 154   106 194
27  F  23     3 222    8 219   13 104   15 127   22 140   23 114   26 150   30 225   37 146   38 194   39 124   40 155   42 216   64 111   66 103   68 176   69 210   70 222   81 185   82 112   84 136   95 149   99 113
28  F  18     2 142    5 166   23 175   27 153   29 120   30 208   31 156   33 123   46 156   60 161   62 230   64 111   81 174   89 215   99 206   100 216   103 109   106 109
29  C  26     3 179    9 122   11 167   27 209   34 126   38 172   41 199   46 205   55 146   58 160   60 132   61 205   63 168   64 197   67 112   68 222   71 108   79 175   82 121   85 196   87 184   88 202   89 203   95 220   100 217   103 185
30  B  21     5 132    6 162   10 163   14 193   22 142   28 207   37 186   50 222   52 115   53 162   54 134   60 170   62 208   63 227   77 121   85 111   88 154   89 161   90 220   95 147   96 102
31  C  27     2 118    5 175    9 139   10 190   13 117   15 189   16 199   23 136   27 107   35 162   38 113   40 206   46 102   52 197   56 123   63 152   66 223   69 179   77 137   78 215   80 215   85 143   90 117   98 154   100 151   101 231   102 148
32  B  24     3 164    4 113   21 136   22 123   39 134   40 205   44 230   51 127   53 120   56 184   57 132   62 151   63 216   67 199   77 147   81 113   84 217   85 218   86 177   88 226   97 167   104 117   105 134   109 204
33  H  16    15 157   16 156   29 229   30 162   46 121   50 165   52 155   56 224   59 122   61 202   69 125   70 228   89 118   98 223   101 193   104 197
34  B  23     0 121    2 221    3 219    6 110    9 153   10 149   20 191   23 181   27 130   35 147   39 154   49 204   51 165   52 151   53 170   55 227   57 195   61 104   92 111   93 145   98 207   102 210   103 162
35  E  24     0 159    3 229   13 150   14 199   16 222   17 144   19 222   20 154   23 191   24 187   31 218   41 179   47 197   50 120   55 172   69 126   72 110   80 216   85 201   87 144   99 107   103 167   104 131   108 154
36  D  15     6 131    7 186   15 124   34 174   37 180   51 136   57 103   74 145   75 157   76 173   82 209   89 203   98 103   102 176   107 191
37  H  21     1 134    3 180    5 136    8 182   16 222   17 128   23 181   29 179   34 123   40 117   49 225   50 189   54 167   60 200   64 142   66 124   70 210   86 153   89 198   90 157   101 112
38  G  28     1 183   11 177   12 157   16 142   17 101   22 220   28 219   31 219   34 219   36 103   43 169   52 130   53 223   54 147   58 113   59 110   60 120   61 183   64 225   73 193   74 109   75 155   80 181   81 125   82 118   91 105   99 192   109 231
39  B  29     1 119   14 216   17 162   21 210   24 204   30 153   32 136   35 179   38 139   41 103   42 133   43 169   44 149   46 125   47 137   54 182   55 140   57 181   60 207   66 167   69 107   82 204   83 173   84 172   88 231   89 188   94 152   98 203   99 229
40  A  26     7 231    9 120   10 173   14 154   17 126   20 182   30 169   32 185   42 229   43 209   45 160   48 193   50 116   52 165   55 217   59 124   64 154   71 203   78 116   81 176   89 105   91 126   93 228   103 219   105 133   109 218
41  G  24    11 146   17 127   19 229   20 164   29 131   31 201   33 138   39 140   40 102   47 176   51 213   54 138   62 224   73 190   74 205   75 156   76 172   80 103   83 160   85 101   100 169   104 196   106 113   107 126
42  G  20    16 227   21 103   29 121   45 135   46 101   48 132   50 199   53 196   54 170   56 129   58 101   60 214   61 111   79 214   82 217   83 221   86 119   96 125   100 160   108 137
43  F  23     6 132   13 208   35 214   36 153   37 186   53 115   55 206   62 222   63 199   66 216   68 216   71 111   76 179   80 127   81 231   82 116   83 222   85 205   86 217   89 209   94 176   103 103   106 108
44  B  30     0 109    2 186    4 178   16 165   20 143   24 122   25 140   27 185   38 175   39 158   43 149   46 110   47 173   50 108   52 197   60 185   65 186   72 180   75 143   80 146   82 153   85 161   87 192   90 199   91 179   94 184   98 190   101 133   106 181   108 200
45  E  23     2 159    3 111    4 114    8 187   10 110   17 117   22 124   25 135   29 229   32 184   38 206   44 115   48 131   53 160   78 176   83 108   97 218   99 168   105 117   106 166   107 166   108 111   109 229
46  F  18     1 142   11 130   24 201   25 103   32 187   33 137   35 203   49 167   54 168   55 209   62 198   63 121   66 190   69 220   73 212   84 148   94 156   100 152
47  F  21     3 213    5 192   10 138   15 229   17 211   25 120   30 215   33 134   36 102   49 179   52 165   54 159   65 114   69 208   70 126   82 199   86 226   97 161   99 177   103 171   107 163
48  B  23    15 172   16 217   21 117   28 111   29 181   33 120   36 220   37 174   38 120   46 230   56 132   57 140   61 114   65 170   66 200   69 119   75 158   85 148   87 200   94 119   98 149   99 221   109 142
49  B  24     2 137    4 224    7 139   13 210   19 205   26 186   33 189   34 200   35 163   36 190   46 117   48 103   59 130   64 189   73 185   78 187   79 188   84 229   90 139   91 188   92 138   95 169   102 151   107 121
50  E  22     4 115    6 119   11 122   15 117   18 171   29 124   33 193   37 172   43 218   45 104   49 201   51 207   52 116   63 136   64 211   65 202   70 147   74 194   79 195   88 193   102 147   104 162
51  E  21     4 153    7 189    8 178   22 205   23 188   24 162   29 199   36 119   40 129   42 215   45 194   46 213   63 220   72 188   73 165   74 163   83 197   91 113   93 171   97 108   106 194
52  C  18     7 122   13 111   15 225   23 101   25 112   30 186   35 118   43 146   47 130   59 183   66 148   70 206   76 214   77 221   83 217   87 216   93 123   104 128
53  G  25     3 148    6 191   12 207   13 194   14 176   15 154   16 135   17 221   22 150   23 135   26 181   27 160   39 158   43 193   46 113   47 198   48 201   50 139   58 121   75 229   81 199   83 214   95 225   101 131   105 124
54  G  22     4 104    7 122    8 112   12 137   13 118   15 202   20 212   21 190   22 176   34 144   44 105   52 186   56 163   78 224   81 182   82 161   86 207   98 215   103 188   105 110   106 183   107 175
55  E  21     3 220    7 141   20 111   21 214   22 212   25 195   26 147   37 133   40 200   43 169   53 135   58 202   59 117   61 214   64 170   67 158   69 106   76 163   93 109   97 172   103 199
56  G  21     3 141    8 170   14 113   20 188   22 194   25 108   29 188   30 131   47 115   49 132   57 225   59 111   70 123   72 142   76 183   78 211   79 157   82 155   90 190   105 106   106 162
57  A  24     1 127    3 106    5 135    7 137    8 163   11 149   16 183   17 163   33 112   46 152   47 113   48 223   52 131   61 115   63 105   82 120   83 211   84 203   85 145   87 142   89 130   96 220   100 128   105 160
58  A  27     1 116    2 207    5 147    7 138    8 189   11 148   16 121   18 163   22 231   26 150   32 188   37 149   42 127   47 229   51 216   52 200   54 132   61 212   63 226   66 204   71 120   91 206   95 199   100 141   104 183   107 220   108 114
59  H  19     6 184   17 103   18 151   19 205   26 104   27 105   30 159   34 114   35 203   38 187   43 188   56 164   64 195   65 183   70 178   75 198   88 158   102 129   104 193
60  D  23    11 119   12 197   13 214   23 198   26 219   29 175   30 178   37 134   41 208   53 126   57 208   62 106   68 122   69 101   71 147   77 192   86 120   87 129   88 225   95 129   97 191   100 126   102 197
61  H  30     3 226    7 184   10 192   12 204   13 158   15 216   19 214   23 205   24 174   36 133   39 170   46 223   48 208   50 114   54 114   56 139   57 136   58 210   65 230   67 163   68 122   69 220   70 150   75 101   80 181   84 199   93 132   97 224   99 178   104 204
62  A  23     2 161    3 195    4 112    6 124   10 221   14 223   16 123   25 121   37 134   44 108   50 208   51 113   53 190   60 157   64 148   65 218   66 206   69 149   71 199   74 226   91 195   97 160   104 109
63  C  20     0 224   10 174   17 133   18 171   30 129   39 223   40 187   44 225   50 141   73 175   74 102   75 204   80 227   82 192   88 140   91 134   102 213   104 114   106 211   107 147
64  H  23     1 165    5 168    9 130   10 209   12 230   13 176   15 170   20 132   22 181   27 143   28 205   30 163   32 110   33 118   48 190   50 120   58 121   60 230   67 225   85 138   88 169   91 159   98 111
65  H  24     8 184   11 228   12 118   16 127   17 230   24 117   26 147   30 155   37 196   38 107   39 145   45 188   55 190   57 163   58 166   63 231   76 217   77 138   97 146   98 178   103 107   105 107   107 167   108 192
66  C  19     4 118   10 223   15 128   28 113   32 183   34 202   35 231   41 207   46 184   51 231   52 184   57 190   59 193   91 217   93 167   97 191   99 176   102 171   106 144
67  F  23     0 208    3 200    9 158   12 150   15 111   26 114   31 228   32 165   33 184   38 227   44 128   45 218   46 125   58 126   68 196   69 190   72 162   73 109   78 189   80 137   91 200   102 109   103 109
68  B  25     7 172    8 192   10 132   11 159   12 155   14 140   17 111   18 139   22 153   23 122   25 137   31 212   42 136   47 220   48 215   52 192   61 101   63 169   65 217   73 197   91 142   93 135   96 219   101 170   106 132
69  G  25     2 125    3 175    5 103    8 202   19 178   22 169   27 229   31 147   34 182   36 120   38 226   40 214   43 179   51 223   52 135   58 216   59 197   67 209   70 139   84 172   88 145   90 137   92 101   95 130   106 123
70  G  14     2 117    5 155    9 217   21 161   34 117   36 225   41 163   49 113   53 127   57 106   62 117   84 130   95 169   107 126
71  H  31     9 119   12 116   13 228   18 146   21 147   24 194   33 174   34 140   35 104   36 227   38 103   45 199   49 177   54 225   56 147   57 116   59 160   60 101   68 206   69 132   72 229   74 207   79 151   81 211   85 166   88 155   90 208   91 134   94 220   96 110   103 169
72  C  16     0 145    4 159    6 153    9 153   15 165   16 152   17 103   26 174   32 124   53 128   65 217   70 122   75 215   77 131   101 118   105 118
73  B  15     1 220    6 131   11 181   23 146   26 125   36 181   46 179   47 221   65 214   70 102   83 121   87 144   92 213   102 142   107 151
74  F  21     3 157    4 229    8 185   14 198   18 152   28 133   33 186   36 128   37 117   39 230   55 226   56 101   59 211   61 108   76 117   79 209   80 102   82 202   99 117   103 228   106 115
75  C  24    15 114   18 209   22 227   30 186   34 225   36 228   37 192   44 199   46 135   51 140   56 209   60 163   70 196   71 211   72 105   81 157   82 193   85 215   88 199   100 217   102 121   104 184   105 113   109 105
76  D  25     0 118    1 220    3 206   15 214   18 135   22 133   36 116   37 107   43 229   48 126   50 114   53 202   57 141   59 128   63 161   64 202   65 150   73 136   77 131   82 140   83 215   92 215   97 108   102 222   107 183
77  E  21    17 189   30 135   36 151   41 175   51 123   52 114   53 211   54 122   60 147   64 131   65 215   66 136   67 173   71 143   81 165   82 169   90 129   96 106   101 185   102 182   106 136
78  H  19    14 178   16 187   17 145   19 157   24 151   25 127   27 137   54 113   55 213   62 110   63 186   75 144   79 173   84 200   91 148   96 205   97 135   99 111   102 188
79  G  25     6 177    9 157   11 125   13 209   18 134   20 133   28 157   34 210   38 217   43 181   47 136   48 203   54 156   59 176   68 219   71 137   80 201   87 211   89 162   98 225   99 131   102 151   103 139   105 104   108 205
80  F  21     2 130   12 222   19 221   20 150   28 231   29 101   33 224   35 213   37 166   38 215   42 113   62 222   65 143   66 227   70 124   85 115   92 217   93 164   101 203   104 210   107 163
81  H  24     0 164    6 165   12 223   19 197   26 118   30 221   36 117   37 180   39 161   45 149   46 126   48 120   54 137   55 136   58 209   61 179   82 219   83 102   91 197   92 168   97 226   101 196   102 224   105 195
82  A  26     3 146    5 126    6 151    9 159   14 111   17 178   21 182   38 229   41 127   44 116   49 162   55 190   59 162   61 155   65 223   66 124   67 136   72 179   78 197   85 106   86 141   87 230   97 114   101 146   102 158   103 193
83  B  20     2 169    3 152   13 155   17 186   18 221   31 116   33 193   36 206   38 139   42 111   45 153   50 148   51 181   56 117   58 211   65 146   81 216   94 171   105 174   107 183
84  B  26     5 122    7 194   10 219   13 153   14 202   15 196   19 194   22 160   27 207   40 167   45 183   46 196   47 186   51 177   59 203   65 208   73 213   75 109   86 224   89 188   90 105   95 193   100 109   102 153   103 179   104 207
85  F  24     1 212    5 112    7 172   13 212   14 166   15 127   17 221   21 226   25 123   31 207   36 141   40 218   43 111   47 158   50 222   51 165   52 196   54 122   55 169   75 146   87 227   88 188   93 151   106 148
86  F  25     3 134    9 134   10 220   22 155   25 119   27 175   40 192   44 148   53 212   56 167   70 183   71 104   76 140   79 150   87 201   88 216   93 228   94 213   98 225   101 144   102 134   103 218   104 152   105 137   108 116
87  C  15    12 224   15 137   18 162   22 121   42 170   43 132   67 199   74 165   78 204   81 113   83 166   86 197   88 105   95 215   100 138
88  B  21     2 229    8 201   12 129   15 166   18 186   20 159   33 223   36 108   37 221   38 217   43 227   51 174   65 229   68 138   73 149   76 223   82 132   97 154   102 197   103 213   106 168
89  A  18     1 121    3 127   19 109   21 150   27 152   29 176   30 111   41 229   43 189   62 201   63 218   69 101   71 170   79 230   83 179   92 135   105 103   109 101
90  A  17     2 115    3 201    7 162    9 168   20 185   26 184   34 222   39 161   62 205   71 222   74 160   79 150   85 152   86 110   103 103   106 102   108 152
91  C  20     0 169    1 150    3 221   10 210   12 165   13 206   24 157   30 176   32 148   34 116   40 148   49 149   50 157   51 199   53 159   58 230   69 123   78 211   88 211   98 114
92  C  18     0 202    4 188    9 159   15 158   27 151   29 210   32 140   49 145   58 168   62 204   65 123   74 103   78 213   81 220   83 215   85 145   94 228   107 126
93  C  16     9 159   10 200   25 131   31 158   39 125   41 106   44 182   49 203   53 129   55 152   63 139   64 103   83 129   86 211   98 228   102 185
94  E  19     3 141   21 129   30 164   33 135   46 139   48 199   49 124   52 163   53 220   54 122   55 144   66 110   79 106   88 196   96 139   99 231   102 160   106 184   109 217
95  C  27     0 128    3 180    4 167    6 132    7 157   11 142   19 219   22 185   28 164   33 186   34 105   36 169   37 101   48 174   53 158   69 181   71 133   75 137   77 167   81 138   93 121   98 203   101 229   102 185   103 191   104 165   107 217
96  B  34     1 107    4 231    6 159    7 139    8 124   10 102   13 216   15 163   20 140   21 179   25 117   34 156   39 138   42 123   43 196   50 111   54 117   57 206   61 133   62 228   66 214   69 113   74 193   76 129   77 113   78 222   80 207   88 174   90 103   97 147   100 213   104 143   107 162   108 141
97  A  21     6 195    7 125   11 114   13 192   22 153   25 141   27 105   33 194   35 188   38 101   44 147   45 190   48 124   53 167   55 109   67 149   76 126   81 147   89 163   94 179   103 124
98  B  24     0 182    3 219    8 139   18 162   30 206   32 163   37 202   42 138   43 117   51 133   53 149   54 141   59 207   61 222   63 217   64 207   75 119   79 133   83 228   86 136   91 139   100 101   102 215   109 158
99  G  34     7 177    8 104   10 215   11 212   15 156   16 188   18 175   23 218   25 179   26 102   28 172   30 177   37 185   38 186   39 152   40 172   41 153   44 190   47 159   48 116   54 127   55 179   58 159   60 222   62 142   63 196   65 231   67 161   70 165   73 217   77 220   79 120   89 105   93 188
100  H  24     0 122    5 133   11 133   12 101   17 229   23 203   26 107   28 228   35 217   36 104   37 155   51 216   53 106   59 231   62 231   64 161   67 167   68 172   86 199   88 176   92 179   93 172   99 178   103 126
101  G  25     0 166    2 188    3 167    5 172    8 190   15 154   18 176   19 213   30 131   32 193   36 120   37 165   39 153   41 194   49 141   50 173   52 224   56 121   73 103   74 104   85 226   93 194   98 196   105 151   108 212
102  F  25     4 133    5 119   17 148   18 141   19 199   20 221   22 213   39 163   51 148   61 188   68 165   71 150   73 133   76 193   81 103   87 180   88 167   89 217   90 199   91 147   92 218   98 212   100 178   106 178   108 142
103  A  18     9 179   10 189   11 107   16 179   23 179   25 228   27 178   31 209   35 145   40 166   51 210   52 188   56 206   62 221   76 168   80 129   86 213   102 172
104  B  21     9 162   11 117   19 223   26 176   28 172   33 125   35 204   38 147   50 114   54 136   58 154   60 159   66 191   71 193   78 213   86 117   88 154   95 120   98 179   102 229   103 226
105  B  17     0 117    6 211   14 108   16 143   19 144   22 220   33 139   41 175   43 196   54 231   60 131   62 135   80 129   88 177   93 116   102 139   109 165
106  C  21     2 178    3 148    9 110   26 206   27 202   29 218   30 162   31 163   33 222   43 134   52 192   54 206   72 201   74 208   77 221   78 182   92 224   97 146   101 223   102 169   107 157
107  B  18    27 162   33 137   37 155   39 196   44 180   54 113   58 136   64 126   71 155   81 177   87 165   91 138   93 210   95 225   98 197   103 224   105 163   109 194
108  H  19     7 230    8 227   14 192   21 108   23 209   25 207   45 179   54 109   55 102   68 205   76 113   80 104   82 222   84 184   87 163   96 116   98 215   103 221   105 136
109  B  26     1 166    2 102    4 161    6 112    7 121    8 182   10 185   18 129   23 159   27 219   29 156   33 164   38 146   39 185   40 196   53 153   63 118   67 144   71 220   75 134   77 175   78 117   80 186   87 158   88 205   89 220
