450 154 3
20
17
-12
11
-3
3
20
13
-3
-6
-21
36
6
-6
-34
-5
-25
-24
-33
33
-20
18
21
-25
2
16
6
-34
-6
-6
36
-32
33
-33
-10
-22
6
22
36
-19
-35
23
9
-3
26
24
31
-14
-18
-15
15
-32
18
7
-25
-7
24
5
-27
-5
-10
-35
20
25
8
23
-31
-8
26
-23
17
-33
-13
-11
19
-9
-16
-34
16
-33
-29
-35
25
-29
-28
18
-16
4
13
10
27
9
-21
-2
-13
28
-6
14
28
-14
-15
-21
-28
30
-24
34
10
24
15
-30
29
22
-15
-29
25
-17
-16
0
0
7
0
-16
9
3
-36
26
-1
-24
-2
-26
-22
12
-8
9
16
-7
5
9
31
25
30
-36
1
26
14
-8
-13
22
2
7
-28
-32
28
19
31
-34
10
30
36
-24
-31
34
-26
10
-26
9
23
10
-10
-7
16
9
-34
-13
-17
36
-3
-16
11
27
1
-19
-30
-17
3
-21
22
33
29
0
36
-21
-2
-23
-8
-8
30
32
28
-6
2
12
-14
-32
-16
13
4
-9
-16
9
4
31
25
36
35
-25
16
-4
-20
23
-21
17
3
-22
16
35
17
28
32
-19
13
27
-16
-2
-35
34
33
-9
-11
-14
34
-7
7
-26
29
20
0
-20
2
7
24
19
-33
34
-24
30
-10
16
-19
-16
-34
-4
5
-20
-12
-3
8
8
-15
-1
-6
-34
-30
34
-19
-6
-7
-20
-13
-18
-31
-24
-26
22
5
-4
27
-9
-25
-1
-23
-27
-1
0
-21
-29
-36
-35
-11
-12
-30
9
1
-18
29
-5
-7
18
19
9
-12
-6
-15
31
26
-15
6
28
17
4
7
-25
21
-14
33
35
17
29
-26
22
-11
-23
33
18
-20
34
9
-29
-18
35
-23
-4
33
5
0
-20
-26
0
18
19
-14
28
15
4
-5
10
16
-28
17
-24
0
12
32
-33
-36
-24
-4
35
-33
9
-23
-4
-10
31
-34
-19
4
-2
30
20
-14
-20
-20
21
-28
4
-12
-31
-26
15
29
27
9
-8
-34
25
36
17
-31
31
-8
35
-32
8
1
21
-25
-11
-6
-20
-27
-18
-18
-26
-22
-31
-31
25
-31
15
13
-3
-11
-11
-1
-10
33
-22
23
13
-23
21
-25
2
11
-27
12
12
-31
-16
27
-30
-20
-17
-31
6
27
4
-36
-9
