560 42 81
-359
-243
167
284
134
208
-401
-357
-30
464
-310
-43
44
405
-220
-284
-63
-266
388
-250
-269
-76
-164
148
79
-298
-305
52
128
-451
-291
-549
544
252
157
-281
153
466
-350
-186
-539
528
240
-4
-220
455
-490
-508
239
-105
-94
-106
-178
-308
540
-364
-180
-138
-296
-113
-521
246
82
472
48
279
-178
-105
-206
0
73
-322
-191
-500
7
-25
419
321
275
-340
-38
205
-442
-27
457
-119
-187
-161
234
-318
-28
-131
182
110
487
8
-269
-25
406
134
159
453
173
81
221
-429
365
-380
-443
296
78
-245
161
259
-222
64
-34
-250
13
273
523
122
-70
-42
-95
-112
179
-346
-10
140
531
-85
8
389
-66
-347
474
-387
-144
-386
391
-519
-450
-173
-438
191
-424
-415
415
373
-106
-323
-51
-337
-465
542
395
-337
-115
94
224
-390
528
-401
172
322
108
347
257
67
-375
-397
-528
69
-38
174
13
462
224
517
389
204
148
310
123
-353
471
270
-553
504
349
-54
-490
-294
480
539
-139
284
104
-310
283
-381
-134
411
225
-80
-4
247
484
508
-521
-531
-94
424
522
465
480
-230
-225
-236
-56
538
-128
-458
-4
-141
-58
32
-135
549
539
444
-232
-6
326
-27
-105
144
275
28
109
-278
453
-154
336
-433
-87
-37
437
-387
-13
-303
-176
-50
221
-268
373
445
-295
-191
-161
22
-5
-85
515
-183
-258
205
66
386
213
-218
-256
-312
-354
230
-529
-352
-482
-402
175
-476
-291
126
-228
-502
-215
301
186
-209
-162
-438
-266
-368
49
-66
-100
-428
297
-20
191
415
-281
-430
-291
536
460
28
508
75
-438
94
-350
-407
168
-196
433
430
-268
29
103
-188
81
-239
-218
-97
-252
453
-389
435
373
-58
-399
-16
-520
-401
-409
98
-516
-181
412
-270
374
5
-181
295
-380
176
-418
-298
-41
167
-467
122
493
-360
511
-277
59
254
483
104
457
-156
380
244
126
-377
-543
-341
430
194
-357
313
-512
-502
260
315
-36
-227
-385
-423
-23
-264
25
-409
-104
330
537
99
-415
64
-76
-96
-345
-201
-27
-501
129
236
147
221
441
410
537
10
453
415
-216
8
-273
-377
-198
310
287
295
170
267
477
-227
440
-107
258
296
-406
-483
-454
-117
405
16
383
298
-445
1
53
-230
22
-484
-493
473
177
127
266
-105
-470
533
-225
-308
-551
549
269
41
-520
57
346
527
251
64
484
483
168
-400
-550
-423
165
442
-289
-476
269
327
163
-546
-235
14
355
-108
116
480
205
327
371
-518
53
-8
478
-41
94
-418
-185
483
489
-322
549
124
448
-496
-481
154
-172
-263
-244
-239
-340
95
422
366
-54
96
-190
-461
-527
155
30
-273
208
-57
-170
-297
452
-42
525
-339
12
-23
-477
-293
294
459
-172
317
-480
447
-328
-18
-232
-67
-337
-85
-135
425
-195
-291
-479
-388
18
486
-161
-479
483
36
475
-432
-515
-523
-449
-367
-137
100
78
160
