240 160 5
-13
90
106
-14
2
-2
60
26
-13
-41
31
31
-117
94
-80
-9
113
-48
-20
-77
-45
101
-65
19
43
23
58
110
-100
70
-90
-56
-95
99
-53
105
-22
16
44
119
-13
114
-87
93
-44
-113
82
21
-34
-61
2
63
-65
112
-55
26
103
-88
-34
-48
72
19
-29
-12
110
-50
23
20
-3
-56
-71
48
35
-114
-38
-83
53
71
87
-31
40
111
-8
-107
32
29
88
-86
104
-15
97
-74
-118
50
109
12
28
0
17
40
-107
-75
6
-6
-63
-9
13
42
48
0
-73
93
-53
8
102
-63
-16
-30
53
78
6
-5
103
101
-46
60
-87
16
55
77
-3
-36
-4
9
-1
-25
-25
54
-60
-9
-4
-91
117
-56
38
48
116
75
98
-65
-38
-83
-90
-49
86
25
-7
89
-118
9
-79
-48
60
81
-118
-41
40
96
0
-26
-98
-113
90
17
38
-119
-94
-31
1
105
93
70
-66
-93
76
93
-60
-62
10
40
-48
119
102
50
-13
30
-42
-52
-26
-4
92
-101
-64
-42
-2
106
98
107
-11
100
5
-22
114
-111
-18
51
-100
-38
-81
-11
-118
50
6
-81
89
82
38
101
16
-98
104
77
118
-6
-21
-27
91
13
57
-100
