721 238 230
751
929
-985
-181
-421
-984
786
150
-408
-845
177
407
-388
506
720
-253
554
-937
483
-169
882
-304
289
-534
157
-830
-791
-695
-307
-237
-394
-499
568
304
-979
-355
910
-659
-410
-496
32
-656
-285
-807
-234
222
-23
-6
220
993
244
-438
230
-575
-505
-120
859
-447
318
762
-247
-505
-749
553
435
746
954
-398
190
-383
754
-355
-66
-510
-678
-437
-334
-330
775
721
-856
206
545
32
-937
278
217
125
-755
-603
-657
803
-587
733
929
585
-624
696
-797
767
-20
545
-67
-648
-808
-848
403
488
953
-438
-903
477
-471
-174
530
-8
-866
-349
-875
-923
885
411
-664
57
-373
-121
221
690
409
938
-269
-758
561
-340
541
167
-696
-710
877
-497
715
-753
408
20
-33
-705
256
830
-923
947
925
-674
-187
-854
-573
-725
446
-948
-770
717
844
143
-17
-571
644
-70
-415
-919
-330
-391
-132
576
-107
508
329
-691
109
-880
-691
881
841
-753
-959
-835
123
-261
-630
-775
-870
38
-472
186
-577
-512
970
-397
790
-432
866
-49
-216
-196
903
-965
-194
-111
-755
-45
-492
435
978
-370
247
230
178
822
837
912
947
-718
276
433
614
880
-106
-85
-824
-660
191
-57
-933
-5
-527
-620
-647
-87
591
-393
798
-768
142
-593
-262
664
-563
-43
-358
402
906
-926
-669
-59
-825
-731
541
184
-756
909
794
-873
-663
322
-233
746
-570
-985
451
278
-355
995
1
244
-802
275
-831
-316
-598
-552
-731
184
-482
-400
-404
893
-20
589
173
-665
-882
881
745
-812
-805
-250
-414
921
607
-736
692
-612
-486
436
-29
715
-768
513
356
278
687
-349
832
480
-109
-822
159
125
198
-238
-549
-476
906
-736
-412
-141
-369
-259
339
10
663
-260
602
855
639
-213
489
-826
-922
74
214
-453
-287
928
-557
-673
-338
327
599
299
815
-511
822
57
-341
-11
709
763
-652
290
-73
972
473
651
804
-823
399
862
670
-748
-726
55
-956
-330
-406
-812
892
204
-777
-700
-212
935
-758
423
-271
527
362
-266
361
-271
-38
274
184
-215
998
461
-115
757
574
-526
372
-599
-85
440
104
765
-19
871
27
-169
-180
-340
-629
240
-164
135
121
-47
-58
869
451
-120
-511
433
-903
773
14
836
199
-257
-291
30
171
-500
-814
404
383
85
271
-794
322
719
-664
496
-379
-214
-256
-359
436
793
-772
338
929
663
-726
-272
15
36
-448
-838
247
723
-711
-142
-426
-122
378
700
-812
-51
-177
477
602
-191
-984
760
-734
890
-931
439
111
548
122
-308
-572
-740
996
470
784
-164
741
115
348
578
57
-765
73
154
128
247
-701
430
186
-15
235
32
514
-771
-469
20
69
-582
-187
393
-625
745
-379
534
240
-580
905
-351
-652
588
805
126
-802
-268
-754
788
625
582
802
191
114
-625
605
459
-455
834
705
676
109
172
128
-175
-196
386
-647
-694
-443
-745
483
-642
910
457
-275
601
818
-610
779
655
-997
-977
716
-198
232
50
71
-152
-238
-205
-137
169
-724
-826
493
79
-889
-135
-599
-716
781
-39
45
384
-139
305
-206
601
88
-848
-492
-140
-27
-767
691
-578
-677
771
-913
-382
608
-179
-998
532
-218
472
-507
-513
217
-615
-580
-887
197
-891
880
271
570
877
-965
-910
-741
-678
654
138
-156
-537
855
892
-9
-476
-413
-294
-205
-149
-112
500
-134
-934
-850
556
835
-98
-214
143
-116
-904
804
912
612
-821
-585
761
-529
-820
-329
843
984
-31
655
380
795
148
81
-856
60
-274
-438
-578
425
891
-993
377
920
994
69
-486
-490
-268
208
706
-977
528
178
530
-35
-385
-92
436
742
864
452
601
404
-12
-397
-611
118
363
-193
-198
-883
-936
984
-152
31
77
640
-418
574
-287
-245
934
-480
-407
-151
-472
36
-141
-800
648
-383
